"b.b.0.fix_b" "sum_Ztrue.b.0.fix_b" "sum_Zpred.b.0.fix_b" "b.b.1.fix_b" "sum_Ztrue.b.1.fix_b" "sum_Zpred.b.1.fix_b" "b.b.5.fix_b" "sum_Ztrue.b.5.fix_b" "sum_Zpred.b.5.fix_b" "b.b.0.est_b" "sum_Ztrue.b.0.est_b" "sum_Zpred.b.0.est_b" "b.b.1.est_b" "sum_Ztrue.b.1.est_b" "sum_Zpred.b.1.est_b" "b.b.5.est_b" "sum_Ztrue.b.5.est_b" "sum_Zpred.b.5.est_b"
"1" 0 8900 9072.45249896308 0 8900 13313.1113038325 0 8900 29159.0153900958 -0.125723887458095 8900 9875.3185040001 0.884340569550006 8900 9555.28263678906 2.48266549645176 8900 18131.1273941482
"2" 0 11142 7693.21880735061 0 11142 17854.3077469775 0 11142 31803.622352566 -0.170307326589877 11142 8420.25652985888 0.830300243124813 11142 11441.4137345014 1.71788236565551 11142 17046.1514175618
"3" 0 5933 4805.33919162987 0 5933 8013.62164804348 0 5933 15734.9063108085 -0.0940022013255443 5933 5062.6303874733 0.760086352867827 5933 5466.48533768826 3.19112117708567 5933 7886.6120029318
"4" 0 6281 5837.28135142151 0 6281 9343.15577077709 0 6281 18921.3893226955 0.341407042682331 6281 4782.51900449817 0.943159023277404 6281 5587.84999907163 1.94417678896927 6281 9031.21593919414
"5" 0 7366 4199.02933697553 0 7366 7544.4095096674 0 7366 19971.577136348 -0.276488895160628 7366 4571.06973316159 -0.328000536929663 7366 8858.95093906637 2.27085938770582 7366 11809.5983870967
"6" 0 8360 10250.0056650902 0 8360 12577.7185578022 0 8360 21313.8461288911 0.56846136185817 8360 6908.82859600248 1.67224016461813 8360 8193.79733894069 2.37877941440113 8360 7709.13169763884
"7" 0 7082 9072.59276258818 0 7082 9786.25894342002 0 7082 13705.998480116 0.117272740391285 7082 8543.35005288972 1.29922665607141 7082 5948.40888798637 2.14312770031717 7082 7617.277506167
"8" 0 3519 3055.48080547441 0 3519 4684.14868910203 0 3519 8368.95387951636 0.206524663312504 3519 2864.46755497731 0.844258185213765 3519 3819.20323740598 2.75491181061826 3519 3815.68711654421
"9" 0 8874 8213.68856053144 0 8874 11971.4644527004 0 8874 26110.5087344986 -0.349401459117297 8874 9826.19647327209 0.965802813004441 8874 8343.80061267292 2.67853879048803 8874 15416.6850755858
"10" 0 9742 9945.14409891512 0 9742 13568.0501470098 0 9742 22242.8204536651 0.270892625273439 9742 9194.89161932437 0.975614314509654 9742 10580.4016574295 2.9328366786478 9742 13663.0929632961
"11" 0 10671 11583.729814397 0 10671 16103.6842354298 0 10671 35293.2109913298 0.665272890760385 10671 8230.26413833514 1.08784615345705 10671 9904.2201807422 3.10940637982035 10671 20554.5716712282
"12" 0 6478 5892.92361217474 0 6478 7640.97587235381 0 6478 15598.6607413951 0.509864963952231 6478 5260.78471404272 1.12314908868023 6478 5733.02539563109 5.98356341294071 6478 12072.6038270173
"13" 0 9113 9782.66857122707 0 9113 11119.6696572472 0 9113 19219.6343342993 0.106000726695877 9113 9424.87868094976 0.883546419034292 9113 7974.45744235849 4.82053779747385 9113 13495.0042287569
"14" 0 8402 8891.07068177999 0 8402 12162.4933305141 0 8402 22098.8119220249 -0.0747065675105539 8402 9165.30696641933 0.805396818904037 8402 8385.45676948991 2.16462190349252 8402 11912.7764725373
"15" 0 9655 9350.26154045221 0 9655 12418.607409264 0 9655 27471.2497949445 0.663920420516602 9655 7975.8888195966 1.59491280091415 9655 9044.46783924456 4.184421277188 9655 16830.3980844289
"16" 0 8262 7747.21988718268 0 8262 10609.6984163193 0 8262 28202.0482858835 -0.0988148206513112 8262 8069.82357381998 1.26199645648807 8262 7272.41850713495 2.52719972418637 8262 14805.0078333043
"17" 0 3422 3979.52292428856 0 3422 5816.33493786948 0 3422 6977.73309106649 -1.66485332264402 3422 4341.07453964771 2.80262827393016 3422 4640.27546115455 4.518643539299 3422 4591.56174330004
"18" 0 6256 8112.95932324511 0 6256 8512.73052604147 0 6256 17757.1930013655 -0.157708800365311 6256 8753.09890619071 0.560956554710101 6256 7146.46147132159 2.59693168037185 6256 9245.47879912525
"19" 0 5774 6400.97843159418 0 5774 7268.87965776251 0 5774 10222.0689330852 -0.31667290669651 5774 6701.35603096021 -1.10896770908275 5774 8819.80193891389 2.02718921817126 5774 7128.60626734698
"20" 0 3277 2120.28926737406 0 3277 4409.94541337617 0 3277 9547.27132737038 -1.42001122367967 3277 3227.85606412988 -0.769554738263227 3277 5453.33095088618 2.48105791437302 3277 7479.83511389358
"21" 0 5415 7401.41346960885 0 5415 8536.38952755479 0 5415 20510.5289548064 0.520349039595878 5415 6016.29181394796 0.98296355807445 5415 5897.64718529848 2.323826020107 5415 7315.59559520965
"22" 0 6072 4617.82568403766 0 6072 11190.7195487532 0 6072 22574.2204816078 -0.715161616547639 6072 8383.75686410294 1.27135572918249 6072 6300.64340212661 3.73345833110577 6072 11662.1280401244
"23" 0 8913 8943.59327018178 0 8913 11286.2064011608 0 8913 26000.5189495842 0.0802469091529635 8913 8714.35225801526 0.271623692082282 8913 10036.2004802331 2.32248593021981 8913 12479.5083049282
"24" 0 6166 7495.17260145966 0 6166 10010.9067855505 0 6166 18703.7679504429 0.113920988879921 6166 7123.51039001713 2.10830428687131 6166 6232.98979692863 6.75814932863069 6166 13204.5890532997
"25" 0 7484 5197.91817587752 0 7484 8506.95007092059 0 7484 21796.0927856793 -0.260723022963631 7484 6313.29357747542 0.15566096942118 7484 7714.0215825773 2.38434365440918 7484 11151.8011439165
"26" 0 8000 10833.6854397895 0 8000 12220.3923253553 0 8000 22463.5250174131 -0.0597510496269557 8000 11149.6050819389 0.860803205060087 8000 9491.89248133102 2.66740858228515 8000 14966.1407881265
"27" 0 11252 12822.6410201147 0 11252 15489.6909369917 0 11252 34983.0134168541 1.14511487448953 11252 9210.82869372585 1.99299015037668 11252 10402.9525571866 4.16573838008011 11252 17910.6533169383
"28" 0 5450 5454.2720446482 0 5450 6599.57883794544 0 5450 19684.106356954 0.290002088229403 5450 4655.83383545814 0.710101813637108 5450 4901.84574225345 3.47307410283804 5450 8456.44120818524
"29" 0 3616 3324.85593659822 0 3616 5042.74357299918 0 3616 8338.19760824506 0.580524893543604 3616 2657.75793660405 0.583015008725082 3616 3714.38896736573 2.29272117152026 3616 4466.06152961898
"30" 0 7378 4884.51524121239 0 7378 8801.79778184597 0 7378 19608.7672216642 -1.09721645629741 7378 6112.62137680863 0.275955160379185 7378 8210.35631650964 2.81771833732328 7378 11808.778768008
"31" 0 3433 2914.25648966629 0 3433 6437.9988375559 0 3433 14409.0937154753 -0.995348876172572 3433 4263.07484171185 -0.123204630214701 3433 7031.9182616833 5.28057187091744 3433 9969.98404143799
"32" 0 4307 5203.64880558678 0 4307 6927.96525774168 0 4307 14177.5493025563 1.38301044924842 4307 3529.41760047848 0.498393535819488 4307 6173.32646689433 2.94534900013272 4307 8943.87164839886
"33" 0 6892 7088.61927284761 0 6892 6765.09312807296 0 6892 13757.2585402768 -0.706058702684255 6892 9339.75136037475 0.668852965055289 6892 5674.40482409951 1.40535546527441 6892 9999.41008834761
"34" 0 7519 7580.67318500116 0 7519 9299.76015416952 0 7519 20414.387423343 0.116482090604722 7519 7238.4569008466 1.18052412718497 7519 5899.43378117882 2.87479006189952 7519 13511.7459721551
"35" 0 11126 14014.7793981069 0 11126 15267.6040786224 0 11126 30032.7198480762 -1.10688691233816 11126 18511.6860800233 0.492539351080386 11126 13978.8742998339 6.57967780713723 11126 19677.8182834401
"36" 0 7658 5293.42361289445 0 7658 9697.31980772471 0 7658 17155.5623355914 -0.489101838765524 7658 6792.24190181757 0.238464268512181 7658 8803.99575350087 2.02046054093238 7658 9196.1902365118
"37" 0 10027 10701.6329901695 0 10027 12407.1222688568 0 10027 19343.9636806967 -0.809059353501661 10027 13235.0317160132 0.513874458135174 10027 11144.790322176 2.99168185980174 10027 13759.8560175735
"38" 0 5065 3604.80640963962 0 5065 6619.83350537823 0 5065 9665.65294530014 -0.25472335653968 5065 3960.32191930409 0.155793646744521 5065 6061.91568637312 1.85373769587889 5065 4783.24650951252
"39" 0 4387 4994.45163572862 0 4387 6229.31284783096 0 4387 11889.7741584874 -0.551729319232396 4387 6722.23278089387 1.2227093696908 4387 3649.93047431078 4.57182413906833 4387 7704.17022251606
"40" 0 8697 9538.61905899404 0 8697 11978.8925763531 0 8697 28797.4009143048 -0.619691995372824 8697 13061.8003572037 0.252430744251693 8697 10878.8533006973 3.17747442250815 8697 16834.3235305867
"41" 0 11016 8252.44173758453 0 11016 14302.972124826 0 11016 46019.8739227143 0.426807149884764 11016 6891.75741569748 0.971768778773815 11016 9865.32719327291 2.97613957629975 11016 20695.7086820618
"42" 0 8490 8271.7257366354 0 8490 11800.1982557636 0 8490 20030.0818549612 -0.156695156195989 8490 9054.4358033715 0.560992696727604 8490 9778.12326752204 2.20813261821873 8490 11858.3120648796
"43" 0 3485 3334.62911758086 0 3485 5122.07560517814 0 3485 6599.51464704702 0.233393158195498 3485 2811.24184719734 1.40251801872331 3485 3740.80749093153 2.74378776757264 3485 3860.77194981595
"44" 0 4465 5203.83162035458 0 4465 9140.16667373037 0 4465 12615.3152204687 -0.097510472571411 4465 5457.36856119179 0.759776629103915 4465 6224.58685740641 2.53439908065988 4465 5314.53994867808
"45" 0 9246 6821.84432791847 0 9246 9283.59772734992 0 9246 17407.0839490706 0.0185518341513666 9246 6782.31531860305 1.10953309573747 9246 7481.31225489953 2.67967831408036 9246 10582.5236878275
"46" 0 6427 6554.80676136152 0 6427 10105.0929198128 0 6427 19898.6782089312 0.720937472494688 6427 5384.06190286408 1.14628973558615 6427 6371.42641496772 3.45131836821834 6427 10258.9280563858
"47" 0 4122 3833.3201254965 0 4122 4438.08069315832 0 4122 9555.94913819465 0.960790748265137 4122 2895.71905164942 1.27982063871982 4122 3041.04602765296 1.99750068890495 4122 6807.32835028641
"48" 0 5454 5792.10385681582 0 5454 8227.08001831898 0 5454 14898.5132209478 -0.897084662122241 5454 9426.50837965982 1.40367792842205 5454 5634.53409430458 3.04839228271102 5454 7282.50331394701
"49" 0 7049 8461.74468205631 0 7049 9831.90491486424 0 7049 19994.9656405189 -0.190279001474985 7049 9246.23873673634 0.535555364248712 7049 7747.94210811738 2.93641252310206 7049 10626.5874413613
"50" 0 3058 2207.81902841231 0 3058 4081.59029890614 0 3058 9900.4362825999 0.193789238153091 3058 1962.15597410856 0.89274329710019 3058 2684.38744777677 3.00157393062291 3058 4048.00383922762
"51" 0 12728 9134.16384777086 0 12728 18890.9660171544 0 12728 35453.8146993935 0.388557702866062 12728 7592.80577015066 0.958219014963977 12728 13357.1180357376 3.24591846518598 12728 17637.5859423657
"52" 0 8229 8908.8342965769 0 8229 11351.3355507341 0 8229 23751.8234525709 0.787600101612966 8229 6110.58743301467 1.36499739588732 8229 7237.48353693992 2.85852906893504 8229 12531.6513821644
"53" 0 17998 14490.5490164603 0 17998 17720.27442083 0 17998 33448.3498566012 -1.3217433740034 17998 17209.401807284 0.167411584816415 17998 17157.651834086 2.54490020531545 17998 21830.3578677185
"54" 0 6410 5627.30996396379 0 6410 8282.16006281434 0 6410 15565.4362043583 -0.08628408788209 6410 5852.91183295319 -0.0247639084906587 6410 8329.26273838766 1.99112620301847 6410 11454.4126064144
"55" 0 10563 10563.5476791708 0 10563 12961.6695679548 0 10563 20126.7646774927 0.0642714575414648 10563 10255.2614222936 0.362345030185321 10563 12065.0268424753 2.42219674716383 10563 13590.4263139676
"56" 0 16416 10880.610596451 0 16416 18938.7529679629 0 16416 51797.0459106035 -0.462721540933248 16416 14244.843111163 0.78045114855332 16416 14649.272621944 3.13760213555125 16416 31094.3621773584
"57" 0 10209 12063.9260843753 0 10209 15856.8987666832 0 10209 22942.3667751404 -1.04517666635065 10209 16942.049808251 -0.287117733505322 10209 17755.897883688 2.37218474929201 10209 16115.1759434891
"58" 0 7091 10050.1693634726 0 7091 11842.6921994411 0 7091 28336.0915198986 -0.340796809587119 7091 13195.8511647926 1.1889669410477 7091 7183.6561692248 2.25100995312118 7091 16188.4132983832
"59" 0 20681 14227.0475237193 0 20681 32667.5981459696 0 20681 56562.757900417 0.106749287605179 20681 13198.7759841073 0.92951308400719 20681 22865.6636116659 2.14914962420941 20681 36571.4902379779
"60" 0 7096 6727.57189748857 0 7096 13102.956624817 0 7096 26561.9107886372 0.0707396488594688 7096 6496.53178038486 0.967200572668089 7096 6155.00362817809 2.48927820930707 7096 11768.0799586321
"61" 0 5051 5596.91241003703 0 5051 6450.86192949274 0 5051 12172.8863274184 -0.514767916153026 5051 6711.03325133877 1.76871452252362 5051 4336.7756723651 2.64370896126282 5051 8295.58059423766
"62" 0 7314 8516.57457293709 0 7314 7627.51528600149 0 7314 18912.3202711822 0.0919411848206777 7314 8177.45492552932 1.10473053463147 7314 5551.32734738163 1.50651887804071 7314 10594.7829644058
"63" 0 7626 6245.95834258324 0 7626 11941.7374586078 0 7626 22145.7069494885 -0.671960594824517 7626 8520.72036200214 0.972110426814613 7626 8709.65797574104 3.15634071732696 7626 9602.11661851704
"64" 0 9340 6390.30763209545 0 9340 8554.92455302677 0 9340 21449.6393350392 -0.0916543507173542 9340 6562.86058987042 0.330838713149372 9340 7751.36361361967 2.18471794407715 9340 12789.5096599395
"65" 0 12379 13459.2343800655 0 12379 17040.5943400362 0 12379 28984.8202156877 -0.0833425025848844 12379 13955.7132790695 1.40005919844301 12379 10926.2743573086 2.90290777712692 12379 15172.9829556626
"66" 0 4737 4756.84036333888 0 4737 5765.15487068297 0 4737 11975.3538741281 -0.580403642261027 4737 5308.42694057362 1.76535493268215 4737 4188.23212748948 4.22498596192847 4737 6820.05560224606
"67" 0 6977 7210.68798771017 0 6977 9405.34513372807 0 6977 15664.1485709469 -0.863631613991097 6977 11677.1397102087 1.54088654234602 6977 6350.65351959369 3.26943940263093 6977 9492.37166185197
"68" 0 4865 5095.30458474965 0 4865 6765.44812441721 0 4865 14077.7746964119 -0.296433832160373 4865 6070.86134610276 1.31220962456018 4865 4867.27240631075 3.2474390277587 4865 7170.60390923955
"69" 0 7827 6870.11136795659 0 7827 12514.2147398011 0 7827 28417.0400132117 -0.961422290015052 7827 12969.1824235958 -0.0428293747221919 7827 12897.2399172266 1.88016357456699 7827 17165.1271967076
"70" 0 5541 5505.7176251206 0 5541 7779.44790431796 0 5541 14193.2218718099 -0.209716951467263 5541 6036.61281241415 1.07752673641793 5541 5968.80947813898 2.56865098642079 5541 8665.65688506034
"71" 0 8402 7753.61994047192 0 8402 10364.3145959151 0 8402 20272.7162834196 -0.201177678915894 8402 8408.91870704419 0.374973355488071 8402 9469.26082455738 3.14850929791543 8402 13870.6177998731
"72" 0 7828 6841.57138894393 0 7828 11111.8487112177 0 7828 15736.1040400712 -0.20594295157566 7828 7404.30754679934 2.52228040100941 7828 8547.43336492351 3.145896894702 7828 8153.12900031018
"73" 0 5869 6543.41627824609 0 5869 8338.96720746173 0 5869 16946.3092673566 -0.79582245136013 5869 10719.6771135381 0.226672458710064 5869 7566.70108356231 2.60015725693637 5869 9356.87536240318
"74" 0 8615 9380.95260150093 0 8615 13524.9037279138 0 8615 26779.7440381859 0.269949536963472 8615 8222.43175001915 1.1250317779194 8615 10720.2456804343 3.1927920513971 8615 16738.3804608508
"75" 0 4880 4534.73197804589 0 4880 5611.14838706134 0 4880 11878.6482242789 0.123326934547955 4880 4322.23597496548 1.12738310208298 4880 4220.53815974166 3.83243026892317 4880 6173.83361485898
"76" 0 10296 9735.95397223722 0 10296 13433.4059314341 0 10296 27498.0535677441 -0.0816031220784028 10296 10171.7823674287 1.15616396673957 10296 9003.53636735543 3.1781081806733 10296 18294.0547547049
"77" 0 4877 7273.1540027355 0 4877 12543.0511152998 0 4877 21775.202088353 -0.856147206706751 4877 15214.6713687489 0.136680933513519 4877 11326.8350373121 3.08831947639568 4877 9338.53260872357
"78" 0 6764 5164.39462375199 0 6764 11239.238181667 0 6764 22796.7697912827 -0.210013391088657 6764 6074.35089752412 0.728721836003066 6764 6790.43132626419 2.03671134694123 6764 10885.5865295512
"79" 0 10138 8200.08598569382 0 10138 10004.1061991094 0 10138 20419.1200097078 -0.584586539223799 10138 10378.5507387137 0.977491908557851 10138 7979.05106882964 2.76902523617892 10138 15438.496770958
"80" 0 11694 13172.1054571408 0 11694 15083.7342138506 0 11694 31800.4159449375 -0.405663267620795 11694 16460.2913314691 1.32419019192314 11694 10636.1981581874 3.26816099676219 11694 16682.117779016
"81" 0 6614 6188.58062136439 0 6614 8903.78430279759 0 6614 13910.6038559537 0.346775989007127 6614 5862.58681918737 0.417348680152464 6614 8090.53054847859 2.59368492479476 6614 8487.95194149915
"82" 0 7350 6856.89692389743 0 7350 8751.53942584581 0 7350 18909.3057209274 -0.614328726905806 7350 8415.46758811619 0.063706119757804 7350 8558.43011875791 3.01206512726048 7350 10725.9139359435
"83" 0 6319 5736.49182932483 0 6319 8731.72320137023 0 6319 11344.6075905648 -0.514146200233444 6319 6190.45061321558 -1.31754227248133 6319 12382.8915559363 2.67910194986913 6319 7238.0740425897
"84" 0 5457 5623.74353103572 0 5457 6334.20424614189 0 5457 9363.12267265946 -0.42508767382894 5457 7208.24092212292 -0.148380603574662 5457 6597.31913799252 3.06093273530023 5457 6890.36555972228
"85" 0 13705 12408.0382637834 0 13705 21925.1081244254 0 13705 49274.4317513665 -0.00640412875094997 13705 12445.1478290857 1.06036072293237 13705 15769.8172815276 4.19255639200249 13705 26772.1739483944
"86" 0 10942 9980.31280640542 0 10942 13963.1565488501 0 10942 29400.9920444242 0.132995442109951 10942 9115.75247548858 0.746701214204798 10942 8761.62454865927 1.71583520309267 10942 16917.1967041303
"87" 0 7591 7447.9027198723 0 7591 9124.10919294745 0 7591 14812.3187566398 0.111437162687679 7591 7098.52485445348 0.624352710921591 7591 7298.63105970166 2.03827327539239 7591 9841.17699413325
"88" 0 8772 8865.00229562203 0 8772 10583.599174644 0 8772 21002.8054165614 -0.714534615707309 8772 11755.3349479097 1.66178604094934 8772 6926.39172889767 3.06096302622254 8772 11296.7942749903
"89" 0 8411 8648.9668909143 0 8411 13138.4956426844 0 8411 23074.904708687 0.175948542882923 8411 7958.82856365418 1.03436836726751 8411 8491.70455462959 3.69212383472085 8411 10804.940200035
"90" 0 7816 6922.8022633868 0 7816 9964.01356046712 0 7816 23680.6194202712 0.19522788310895 7816 6295.69629656137 1.5113038517606 7816 5546.80290094075 3.0863368763133 7816 12604.4248657795
"91" 0 10652 8169.68784457581 0 10652 14369.7642469187 0 10652 26436.7698659344 0.460223348409931 10652 6492.43152325612 -0.61983069739204 10652 16934.9524857917 2.04342695157668 10652 21221.716652246
"92" 0 6320 5627.67617842975 0 6320 11778.2922180957 0 6320 22054.838209485 -0.542856478478678 6320 6858.0985490477 1.17073244147721 6320 6821.99056038233 5.15662539339045 6320 12863.3381574839
"93" 0 13910 12812.0991627847 0 13910 15301.2695358654 0 13910 22075.0747000147 -0.818221500383516 13910 20990.676416178 1.0243053859304 13910 11792.7014009312 1.89889033454631 13910 12915.4007693222
"94" 0 6381 6464.02252033231 0 6381 13503.6960257191 0 6381 22248.3460736589 0.230322456903166 6381 6025.54284050615 2.24006560167971 6381 8248.68620186512 2.75107672461666 6381 16718.4562756368
"95" 0 17815 12531.1466963937 0 17815 25623.7829490006 0 17815 46045.2434822328 0.624847438131806 17815 8729.36219871037 0.99467771654247 17815 19860.7023837339 2.69429075507793 17815 24846.5267157988
"96" 0 8364 10299.3595490097 0 8364 11177.024485015 0 8364 26801.038332945 0.0584744273787526 8364 9925.91052608911 1.08674218395617 8364 6136.18710462716 4.77919710617252 8364 16841.5770969933
"97" 0 4664 4981.94731708465 0 4664 5462.05436012582 0 4664 10258.6518235036 -0.362168026747158 4664 5742.45673153198 0.789081202082327 4664 3613.76687927803 2.26147288560236 4664 5403.71344535248
"98" 0 10579 10832.2138184825 0 10579 15796.4791117803 0 10579 34767.2130845154 0.120238490433225 10579 10121.7078970565 0.980588676105161 10579 12385.2248999563 3.51651319516675 10579 16380.1851227382
"99" 0 14248 7717.15961054236 0 14248 18445.6200232259 0 14248 38963.3578336842 0.0338701529716438 14248 7539.50286138286 0.968260709614832 14248 13640.0940250854 1.93928130133188 14248 23339.4095000037
"100" 0 8434 8951.50711578359 0 8434 11918.1188397014 0 8434 23814.8287678909 0.81541758895642 8434 6488.87036524581 1.33828915700514 8434 8804.07441824362 2.82347267103418 8434 10413.6066208973
"101" 0 3958 5233.01260523505 0 3958 6544.66692749586 0 3958 11188.567213031 -0.665314620979437 3958 7626.06750755374 1.01176775778885 3958 4394.73684188806 2.29367360894026 3958 6006.21558798805
"102" 0 4096 5305.08498266292 0 4096 5921.82510151908 0 4096 10080.1594619671 0.0889147517294537 4096 5141.10926595879 1.03104818677742 4096 4153.89877748009 2.85146816394061 4096 5536.92721060607
"103" 0 10255 12662.9680100518 0 10255 22036.4569895374 0 10255 40208.9968449587 0.135126023704062 10255 11756.9628616463 0.942906212004326 10255 15029.4676953632 3.78704649639613 10255 21350.3904676777
"104" 0 3777 3831.98558144782 0 3777 4986.9122902085 0 3777 7572.22712085627 0.30634642907929 3777 3456.09304947217 0.54461083191843 3777 4328.38780490631 3.4450497685243 3777 4441.40772165359
"105" 0 10097 10382.7902516207 0 10097 16483.5809849242 0 10097 37383.1375953518 0.180460054305457 10097 9465.12813750349 1.32042592411101 10097 10043.3265369639 3.37578992670319 10097 17153.9269053509
"106" 0 7779 9524.86656373202 0 7779 10873.0066915853 0 7779 17478.3149878361 0.335138368684604 7779 7900.12280189109 0.980057061659178 7779 8179.14190318314 3.27890724775015 7779 12385.1036416056
"107" 0 6428 6745.21999782073 0 6428 7238.87364768516 0 6428 16829.9349809328 -0.371009059996499 6428 8143.32662783455 0.706536402951701 6428 5787.71161683297 2.34549897303792 6428 9086.23700081
"108" 0 4197 4930.69511453427 0 4197 7793.66613183278 0 4197 12267.7462801686 -0.0599623990202374 4197 5240.09276616633 1.39866232966072 4197 4178.57988914803 1.95099518195719 4197 8189.48003226128
"109" 0 6093 5989.70990349222 0 6093 8572.7054851257 0 6093 14102.7429979523 -0.614430139379185 6093 7555.87299267485 0.437201375416147 6093 7403.25166374594 2.45572862234294 6093 6718.34989594845
"110" 0 5231 5338.34455073807 0 5231 7812.52478799933 0 5231 12031.5005240157 0.404184160870391 5231 4626.30693647277 1.65662776395946 5231 4970.7832061713 3.85035487116905 5231 7067.92253437507
"111" 0 9582 11343.3244540691 0 9582 17654.9749388679 0 9582 24544.3310427589 -0.298919516021431 9582 13673.0552216924 1.44913192817271 9582 7736.51467715468 3.10482393713662 9582 12301.4255224044
"112" 0 7586 4172.6491168929 0 7586 12469.885824231 0 7586 27615.6554661131 -0.184201418599255 7586 4757.15870014233 0.42726662278021 7586 10083.5837608829 4.08795951976699 7586 14593.5456582866
"113" 0 5472 4594.36173861649 0 5472 7182.63955787329 0 5472 15106.7888761995 -1.0290896488497 5472 8043.36006597565 0.606050531654295 5472 5745.92432704914 3.00741642209949 5472 6725.57931801083
"114" 0 17336 8270.63232839552 0 17336 23402.60431112 0 17336 49057.9663663425 -0.128980375996387 17336 8568.68269437499 0.853288836910301 17336 16212.6307824938 2.08169613388418 17336 23205.8537542921
"115" 0 15402 11558.5054959771 0 15402 20207.7933272371 0 15402 36920.9767155846 0.665028783857876 15402 9920.24708643083 0.922393607944605 15402 16023.199381129 2.95260847816599 15402 27786.8222439287
"116" 0 6207 5903.90014370267 0 6207 10346.3973311079 0 6207 14657.8718170606 0.0933851181455965 6207 5685.52419567302 -1.48776805245668 6207 13284.3316372251 2.52374986926567 6207 9757.76422071465
"117" 0 8697 9248.73140373944 0 8697 12160.6680623334 0 8697 21043.0343271379 0.142179890051569 8697 8826.7766012054 1.81607450804521 8697 8549.25570663109 5.63677316708469 8697 14983.6572335361
"118" 0 8021 6557.25610502503 0 8021 10463.0165398733 0 8021 28299.288915147 -0.285570891733844 8021 7367.51376993411 0.288410883406343 8021 9565.60058127012 2.84131494148164 8021 12821.2950388444
"119" 0 8689 7068.6992567756 0 8689 16199.4085853115 0 8689 42529.1228185215 0.728595978638998 8689 4931.87501516759 1.16492660113152 8689 10590.1740479862 2.79068168308254 8689 17216.6836606377
"120" 0 8330 5980.5042087933 0 8330 12472.6272778063 0 8330 19899.7529536937 -1.6181865778024 8330 9464.20678235475 1.2774465145262 8330 8197.61562442879 3.90137690579112 8330 11990.695629428
"121" 0 8002 8629.82317868061 0 8002 12687.5605110409 0 8002 22683.3721592473 -0.699001739599166 8002 13514.8418968096 0.843569008328279 8002 8400.42107178956 2.40173580144714 8002 9938.76122615466
"122" 0 3584 2663.82735353987 0 3584 4626.15576694175 0 3584 8838.36589584608 0.423178352970501 3584 2495.27486744942 0.537160456656559 3584 4069.30687700324 2.09852168830725 3584 5630.12610183544
"123" 0 10052 8385.41095350969 0 10052 12305.7045573481 0 10052 21218.1211993055 -0.415623898566807 10052 9731.28312650683 -0.649762701851245 10052 15139.4467821886 3.03595585983092 10052 11985.2125078888
"124" 0 9121 12446.3916447044 0 9121 14434.127393604 0 9121 41922.5626463246 0.0890955892060403 9121 11919.7435137189 1.13208195443855 9121 9899.9348699858 3.14887062762845 9121 19768.0751069761
"125" 0 7049 8481.77207419178 0 7049 10543.6114989445 0 7049 19772.1472822581 0.92257314867951 7049 6436.79167319667 1.57924102364371 7049 6976.94831402827 2.31509840750909 7049 9119.57376258235
"126" 0 7713 9551.29068734854 0 7713 10159.8870015467 0 7713 15125.5880482346 -0.276049820197683 7713 11290.4716289987 0.377971387260999 7713 8991.7129927631 2.87866577726669 7713 9620.64678876301
"127" 0 4059 4310.29778495067 0 4059 5423.38679670066 0 4059 10969.1445360801 -0.511953580339298 4059 5297.49189830415 1.16935969872197 4059 3439.76999357434 3.98428198578388 4059 7193.58412309022
"128" 0 5976 6292.27971037538 0 5976 7807.37874825206 0 5976 14563.85159315 -0.504710533522914 5976 8044.34209198256 1.17691795265294 5976 5750.81313285621 2.19200309178284 5976 6092.80038979377
"129" 0 8928 7310.06540643732 0 8928 11081.7175320252 0 8928 19020.1493420185 -0.921643977148187 8928 9538.66213264689 0.306418458061471 8928 10191.9109135229 3.02821671357195 8928 12844.9340429931
"130" 0 7738 6197.25334700056 0 7738 10109.1735862825 0 7738 18991.4839490243 0.736347088114762 7738 4979.44269319528 1.66170593140791 7738 6613.09792420624 2.68536420650325 7738 14176.9414569073
"131" 0 5651 5531.9189426247 0 5651 8082.06185283209 0 5651 13005.0917975802 -0.204031032147422 5651 5898.74358353224 0.897478178316473 5651 6217.08317151581 2.51859423018364 5651 7758.15447237281
"132" 0 7191 5096.15965590509 0 7191 11143.6379767532 0 7191 20587.412092993 -0.137520575648567 7191 5698.73386036978 0.975605329794209 7191 8409.99189154827 2.52094454103682 7191 12201.9875689759
"133" 0 7880 6349.67731782907 0 7880 9102.61602777057 0 7880 21776.8647172028 -0.189469993039361 7880 7419.32289070493 1.31259684110392 7880 6102.49118448012 3.16929645972546 7880 10303.573821549
"134" 0 3543 3869.33316419066 0 3543 5233.43780591113 0 3543 11290.4516008945 0.654712685199315 3543 3045.0234152899 1.5575391645346 3543 3365.45280513184 1.97353282297269 3543 5630.97580493619
"135" 0 7772 8232.42284797855 0 7772 13577.9532946256 0 7772 20189.9454129601 0.159525045373138 7772 7668.99857128141 1.18074371035855 7772 10010.7693992944 4.35750354611428 7772 13575.7325222921
"136" 0 7838 7862.2869922457 0 7838 12168.8966010323 0 7838 20290.794387669 -0.423267417162729 7838 10009.5965439308 0.60787737681156 7838 9601.36963231393 3.51801518708636 7838 12753.0201889573
"137" 0 10564 11576.2358995467 0 10564 12490.212521435 0 10564 25086.0742055477 0.130435061307854 10564 11173.3264033873 0.838051512560599 10564 11085.8256918083 4.58002284817316 10564 15279.1283237469
"138" 0 6722 6019.67716197556 0 6722 10629.9548551331 0 6722 22294.4624700592 -0.3392429855348 6722 8129.5611280397 1.97507284310175 6722 6670.67173634424 3.1031606162179 6722 13360.6751461334
"139" 0 10743 7480.54941180856 0 10743 13427.9130682866 0 10743 26793.0022245885 -0.0425871676044802 10743 7667.09190885999 0.514696427035145 10743 10602.7119089687 3.38088502578439 10743 15569.4499488928
"140" 0 12909 13424.7760705475 0 12909 20352.3479253808 0 12909 38742.3267458489 0.0460171893143652 12909 13077.7318134317 0.765433272600491 12909 13812.3052493895 2.4040911548555 12909 17089.946332739
"141" 0 8599 6053.99074022273 0 8599 7584.95031915443 0 8599 21085.1595233013 0.0588329540573876 8599 5946.72504730021 0.629621071048326 8599 5854.83055086797 2.19350602155715 8599 10017.2463393566
"142" 0 8032 5494.73569509953 0 8032 9772.40157853637 0 8032 22352.0324121245 -0.861806025580832 8032 8204.4038526627 -0.153065826525699 8032 10047.5346701786 3.29067053476509 8032 10899.7743539185
"143" 0 9286 8041.77987668173 0 9286 14189.92743525 0 9286 23308.8354150207 0.537847693392286 9286 7061.04142158938 1.07772022645893 9286 10956.1607316578 2.74524420225594 9286 14365.7607839792
"144" 0 6033 4488.05975504361 0 6033 8205.92566254918 0 6033 19000.6203156887 -0.0894330256325096 6033 4646.69197838253 0.921529334990259 6033 5710.42530197315 2.54799278357397 6033 8736.16258938834
"145" 0 4961 5843.30251641702 0 4961 6443.52172011426 0 4961 13261.1068909759 0.343713994263983 4961 5304.84494926391 1.52303199058313 4961 4522.2458441181 4.89967574618415 4961 7546.52438109936
"146" 0 8175 7505.94843167084 0 8175 11234.7029746586 0 8175 25632.5660972581 -0.436030250248401 8175 9990.8064180948 0.707422048016741 8175 7889.873901418 2.59354967840912 8175 12756.3641032645
"147" 0 4630 4621.34920861312 0 4630 8646.18208384123 0 4630 17197.585816106 -0.654862810573023 4630 8015.04480663165 1.05250863576074 4630 4436.38774925806 1.19719330152827 4630 7948.00042941065
"148" 0 6922 6144.27407866786 0 6922 9207.89329946648 0 6922 14577.1020657871 -0.259518281483845 6922 7032.77350292181 0.952131912685546 6922 7671.29675304027 3.34890479217536 6922 8552.38551127677
"149" 0 12792 13317.9085715093 0 12792 17818.1337118541 0 12792 41714.0730845062 -0.589434488572512 12792 18125.6047625814 0.760824447442322 12792 15050.5799066594 2.43083374351182 12792 30290.6714596658
"150" 0 7478 8900.95487302484 0 7478 10094.4096438794 0 7478 15649.1657761136 -0.652466465777532 7478 10579.3057122869 0.196106764144254 7478 9464.51293749741 2.64060601949392 7478 8332.33482067006
"151" 0 9360 8881.14757164672 0 9360 10664.8242950737 0 9360 26926.7815970802 -0.842548346593489 9360 12546.5204333651 0.451199732935723 9360 9011.85114480508 3.27342845960546 9360 14157.0842326428
"152" 0 7630 9534.00372473576 0 7630 12963.1664924937 0 7630 35352.8196449016 -0.384988249588274 7630 13502.7879858434 0.380509263818431 7630 10866.5883179366 1.64892341470978 7630 9008.18171720193
"153" 0 7130 6495.10353610551 0 7130 9969.51805867087 0 7130 23633.2087675947 0.00478544630341511 7130 6476.93586299599 1.34302335068634 7130 6052.23002227917 2.1807452862845 7130 8700.54712662397
"154" 0 6565 6591.8745400713 0 6565 8284.62086691027 0 6565 16770.2914921207 0.194240967049051 6565 6061.77546368112 1.09705372158346 6565 6227.73873820512 3.88948116150916 6565 9886.790170792
"155" 0 6390 5539.44023796841 0 6390 9544.35227837795 0 6390 13760.0540203368 -1.78410449246801 6390 8916.86958938146 0.495750434630033 6390 8161.51589907506 3.62888407940233 6390 8202.54021006506
"156" 0 4599 5943.44159665855 0 4599 7567.20758247237 0 4599 16487.6950513164 -0.392223992026178 4599 9628.34482232768 0.801304749668243 4599 4987.84148833614 2.50705545473591 4599 5748.37110527414
"157" 0 8610 10796.7459906492 0 8610 11598.2458282195 0 8610 21076.0865745978 -0.0387235305930984 8610 10961.8224690208 1.1362489797938 8610 8374.07812950869 2.62783637704538 8610 9556.077582573
"158" 0 8154 9897.36625364437 0 8154 13646.2697002204 0 8154 29910.4156706325 -0.140340527588978 8154 11704.1230713612 0.933298753167432 8154 7801.21362486287 1.35069648441764 8154 11651.0525399574
"159" 0 13222 14197.1123470855 0 13222 18531.751046787 0 13222 31486.6327471462 -0.456397918725461 13222 17890.4895776 0.884414712164842 13222 14933.909398293 2.42256900284131 13222 19753.7429942276
"160" 0 9083 9604.27571948584 0 9083 12197.6687995981 0 9083 25930.093953839 -0.640820876801717 9083 11745.2524253061 0.778726538860956 9083 9573.24475366949 3.81229306343959 9083 17328.5423411243
"161" 0 9630 10287.9115517393 0 9630 12507.5374625014 0 9630 21790.9481240912 -0.033998179984691 9630 10448.5781645606 1.09211072408366 9630 7702.0781613648 2.57747989640109 9630 12571.3930930573
"162" 0 5493 5435.25019696925 0 5493 5993.45857022683 0 5493 12418.8426445387 -0.235925788041954 5493 5935.63564198116 0.530632144748912 5493 5113.04266416714 3.40581619476658 5493 7044.27798959022
"163" 0 11234 14762.6091612038 0 11234 17328.0984649239 0 11234 29177.3864502937 -0.276311964088552 11234 18175.5508451965 1.40023788526668 11234 11234.3384012059 4.87466471205825 11234 17491.9676853669
"164" 0 5850 6487.82558798359 0 5850 9100.88593424647 0 5850 20532.7590014106 0.408946560398026 5850 5228.93356271155 1.51365911345415 5850 5333.38685845347 3.22411963282361 5850 8316.51930905412
"165" 0 9396 6907.86504180399 0 9396 15144.2391919249 0 9396 25019.3129967954 -0.981333129924042 9396 11668.9932958011 0.67664457785483 9396 12737.9259893445 4.87494742494583 9396 15560.0148177989
"166" 0 5766 6006.38365871121 0 5766 7017.22451337739 0 5766 14980.608135878 -0.321046966801595 5766 8154.29546457933 0.599087157651376 5766 4963.11367252426 1.41962582062646 5766 9714.63159724366
"167" 0 9289 10336.7670918881 0 9289 13681.1261739016 0 9289 25214.1705842014 0.302089336676516 9289 8978.28881132473 0.620798589384615 9289 11719.1822936971 2.53321912587559 9289 12485.2962280907
"168" 0 8224 10219.0125002395 0 8224 12380.0593635463 0 8224 25916.566192916 0.475002617516919 8224 7748.69961519127 0.790154321550978 8224 9801.64527045793 2.91320252124257 8224 12390.9670670701
"169" 0 3458 3580.12036639284 0 3458 5165.92119834029 0 3458 8900.37489272259 -0.993205527598959 3458 4970.94080758218 0.457783794257348 3458 4659.91880387665 3.87825779337937 3458 6507.13199678248
"170" 0 7943 7802.92126637571 0 7943 13367.4986572657 0 7943 28721.879838642 0.361885332269151 7943 6718.25401934031 0.623368392118943 7943 11124.109218276 4.22325906919032 7943 17252.1241708947
"171" 0 6533 6460.64645303861 0 6533 9523.38343081381 0 6533 17719.6416615686 0.175575550288347 6533 6166.70040204293 0.374498908271182 6533 8997.41974524208 2.38215061729984 6533 13153.05812598
"172" 0 19703 19002.0382958844 0 19703 35885.1822548303 0 19703 46332.4717841082 0.0537603185778611 19703 18484.2669816986 0.806809898278253 19703 28859.7610059325 3.0300885103218 19703 30680.2477851761
"173" 0 9128 10360.3564569584 0 9128 12074.6338286946 0 9128 23582.7811665238 -0.635161714308755 9128 13343.6005103855 1.13868132156222 9128 9117.62879281673 5.83536108223226 9128 21840.5243466402
"174" 0 11667 9463.88936093817 0 11667 17115.3081614701 0 11667 27405.3814227279 -0.826519374653727 11667 15639.9311984077 1.09353487673275 11667 12000.9845921245 2.12874776001206 11667 16818.3252472904
"175" 0 4436 4374.43952319981 0 4436 6879.96898691311 0 4436 15467.6656016127 -0.164107604713711 4436 4877.4349125161 1.0564864063935 4436 4900.74155015978 2.29020133948125 4436 6055.86466382062
"176" 0 7030 6319.1461398071 0 7030 13004.5751863371 0 7030 23024.4626474064 0.667159059476663 7030 5050.54168241762 1.46968396579513 7030 9515.557312622 3.50804107395058 7030 15051.1989598494
"177" 0 6005 4195.79100146004 0 6005 8864.21324028647 0 6005 20408.9870495755 -0.255517157886332 6005 4804.52179085384 0.758631990434274 6005 6747.85485897724 3.49556721712106 6005 10259.6290769471
"178" 0 9195 11812.0232006997 0 9195 15256.0253850644 0 9195 28769.0574049644 0.654511336615917 9195 8988.36477346988 1.24708916351323 9195 10363.2425620183 3.79188543004953 9195 14408.5813376405
"179" 0 13013 16273.1879703248 0 13013 20176.601303837 0 13013 36174.7470600353 -0.627152689031058 13013 19480.130616384 0.663484698952799 13013 16042.6274170114 2.8745655092926 13013 18876.9291481842
"180" 0 8407 10078.1678250837 0 8407 12378.858832771 0 8407 17906.8562807812 0.0392064097020751 8407 9919.41329678561 0.394719866845638 8407 11023.4662199893 3.01906116466651 8407 8399.70392540654
"181" 0 8357 7493.53252537589 0 8357 10644.2686003269 0 8357 21796.587898917 0.549774315680179 8357 6106.50382192801 1.25064491154473 8357 7050.4577962452 2.28684659645894 8357 10418.113506973
"182" 0 6376 6977.3121947915 0 6376 8308.98384763899 0 6376 19567.2342355008 -1.24689516044492 6376 11749.0055990587 0.754719239662086 6376 6077.04651185038 2.36357169635052 6376 9872.42140580684
"183" 0 4377 3877.1662955555 0 4377 5879.48098103961 0 4377 9179.26319152906 -1.81964666000873 4377 6027.06910734713 0.203802685137949 4377 5504.55696963279 3.1808211646107 4377 5340.07203221079
"184" 0 8953 10850.0837966196 0 8953 14206.8742986443 0 8953 24121.9379532472 -0.135982738656409 8953 11885.6523546869 1.20076967737236 8953 8862.97964528011 2.3030514107278 8953 10289.9883141649
"185" 0 5828 3739.03955158453 0 5828 7545.75724642419 0 5828 12882.4816948371 -0.286977424995398 5828 4417.42367659958 0.759439811270309 5828 5417.66948886605 2.68863824393135 5828 8225.26631691594
"186" 0 11069 8556.4515629043 0 11069 15052.5629788204 0 11069 32777.3974279918 -0.216281266732684 11069 9662.64925656838 0.561884264679809 11069 12469.7893463858 3.53195912163733 11069 20146.9065307249
"187" 0 14176 21461.8337358741 0 14176 25295.0212328639 0 14176 44000.6991328131 -0.456699633254914 14176 31971.3238543608 0.934641301076693 14176 18094.6269933556 2.22831439217201 14176 35003.7642134835
"188" 0 6502 7220.90591729702 0 6502 7935.75578109616 0 6502 14023.6601095853 0.574545436295959 6502 6137.93020339041 1.24114481522067 6502 6072.64336248803 3.2596007141679 6502 8259.06073960281
"189" 0 4818 5331.02631106633 0 4818 7972.51953072147 0 4818 11768.013197554 0.0593709048720975 4818 5243.44406256866 1.95151605254393 4818 5240.26711479143 4.19448271241473 4818 7451.40290891308
"190" 0 8625 9633.17693594796 0 8625 14726.4307890757 0 8625 26424.8063145177 -0.564726596792916 8625 15513.5514118485 0.434713314869404 8625 12137.9679766831 2.69318427763385 8625 14525.09384749
"191" 0 13104 16135.5405212061 0 13104 18400.1230548005 0 13104 38918.0307078266 -0.2205449533238 13104 17123.8606235627 0.491594273714786 13104 16415.2666098901 3.69366782724209 13104 22072.3145007624
"192" 0 7504 6737.15954203713 0 7504 11798.7065461683 0 7504 29815.5745985861 -0.813240885515713 7504 9760.24488816676 0.396973582207934 7504 10185.2163286991 3.15416403805439 7504 13016.6864026442
"193" 0 4297 4464.78352682875 0 4297 7314.02035541129 0 4297 14605.0071053781 0.444946713426919 4297 3765.47649264941 1.14006127889091 4297 5299.70650065163 2.04721813846737 4297 6702.12286987476
"194" 0 7309 7666.41579564334 0 7309 11266.44180136 0 7309 23889.1559856273 -0.352524178305747 7309 9244.97133884521 0.50337018777035 7309 8545.93420681732 2.98281647974723 7309 12680.3629399346
"195" 0 4534 4393.56616269841 0 4534 7059.72653401484 0 4534 11991.5682494662 -1.15503876134061 4534 6094.91254145098 1.10162084824443 4534 4961.25370905661 3.17701405782314 4534 8048.39651302266
"196" 0 5749 6289.06609687948 0 5749 8581.23454555672 0 5749 17435.7411658181 0.00102825746554166 5749 6286.57953174931 0.504137745132588 5749 7394.01600456352 3.68214271806015 5749 10513.3681541602
"197" 0 6016 4969.34630168761 0 6016 8192.7352456408 0 6016 12024.5416898048 -1.05929607676827 6016 6871.43299632934 -0.0190769804858875 6016 8230.23221124184 2.04913775812398 6016 9546.45033577378
"198" 0 5037 5589.56750310016 0 5037 7842.90267225391 0 5037 11440.9158642409 -0.726649797353685 5037 7456.70710853296 0.745427345021771 5037 6193.94481078138 1.68865633131792 5037 7052.7591346586
"199" 0 11708 11789.2176835108 0 11708 15255.0502083218 0 11708 39726.650522936 -0.373373380322769 11708 15000.6834393424 0.610898545237583 11708 12240.718518828 3.49011314365801 11708 22127.9663779439
"200" 0 7075 7513.71737208267 0 7075 9305.63869373327 0 7075 17765.1606778897 -0.0291142999220037 7075 7573.94161787733 1.59073413229202 7075 5518.11409741409 2.29109996498881 7075 9238.51313182626
"201" 0 8185 9417.30701604043 0 8185 10244.1378860475 0 8185 23250.5937663139 0.0977751015340453 8185 9062.05915137256 0.572788532729563 8185 9019.34307986804 2.54500705507371 8185 11757.4033294835
"202" 0 5400 7198.95694229511 0 5400 7692.99522271888 0 5400 11362.2758492582 1.02474256602142 5400 5374.35820675939 -0.513446611877609 5400 8890.88990358045 4.64753726184746 5400 8151.82501054508
"203" 0 9066 11044.506225998 0 9066 11927.0687619536 0 9066 23764.7534952841 0.0674395145577161 9066 10698.9103304619 0.776038471670959 9066 9744.28638939931 2.62585261525477 9066 11511.3810534007
"204" 0 7016 7918.42054372866 0 7016 10464.4429296961 0 7016 18919.5410671979 0.470132090775283 7016 6691.89155042101 1.48377019102021 7016 6686.19381260233 4.07359725154116 7016 9725.0524182569
"205" 0 3455 3828.9208663674 0 3455 3535.94709482602 0 3455 8195.37218542798 -0.636960963958525 3455 4961.63265213608 0.473086608120191 3455 3032.97005278254 2.32063228779808 3455 6036.55823192995
"206" 0 5372 4305.77220436138 0 5372 7518.9153587582 0 5372 13827.896211506 -1.24685422479995 5372 5723.2171884853 1.34269097366153 5372 5966.98267833242 5.85350349292241 5372 10480.1317950702
"207" 0 8094 10597.4300467363 0 8094 11225.7003177358 0 8094 24365.3072154639 0.282630580206588 8094 9760.25342150811 0.731277427183589 8094 9387.0450831058 2.9198823477068 8094 12909.8362239913
"208" 0 8766 7681.74759151728 0 8766 10854.2820966683 0 8766 20692.4997685855 -0.250523674488492 8766 8404.66192297058 0.850810319364527 8766 8002.49185279987 4.056960250441 8766 11762.5938899617
"209" 0 7908 8412.88151424652 0 7908 13491.4307145399 0 7908 17982.1395977833 0.297815461690545 7908 7886.21285973459 0.80116481744777 7908 11036.2119418894 3.09693699139738 7908 10085.1557061146
"210" 0 4627 4393.07775715681 0 4627 5949.21557263275 0 4627 11867.0871405168 -0.254754022354799 4627 4681.33349433093 1.29855268825087 4627 4284.19091576364 11.8467703991494 4627 9517.1487678624
"211" 0 6846 8605.52483755587 0 6846 12451.1799049777 0 6846 18181.1983527095 0.14453615385755 6846 8065.4239529492 0.886338357278119 6846 8519.71177499548 2.56857713593834 6846 7428.8066275538
"212" 0 6781 6208.4605671218 0 6781 7885.88613681001 0 6781 12600.0397442232 -0.486235488608935 6781 7690.01307344967 1.43087537837532 6781 6044.5106171095 3.05993912714891 6781 7312.243549903
"213" 0 7609 8653.26615980248 0 7609 15197.8425615473 0 7609 27154.8874779169 -0.263138925691589 7609 10033.1255363395 1.11644812085493 7609 10541.3703483586 3.28769998991012 7609 16839.3508698572
"214" 0 6502 5535.54559617175 0 6502 7961.60583536551 0 6502 17792.7725182678 -0.0887691479475331 6502 5729.59694655334 0.916777005087442 6502 6488.12813895428 3.60444810851513 6502 9124.91860664939
"215" 0 9666 10245.489646827 0 9666 11551.8549324516 0 9666 21803.4445504638 0.345873771246512 9666 9056.30070820473 1.02761699799613 9666 8863.84767035666 3.30937490194498 9666 13425.9573394725
"216" 0 5245 5005.61278392244 0 5245 7968.89624750809 0 5245 9988.96771557794 -0.575455972603665 5245 5520.40382521048 0.633146130239195 5245 6928.58247470373 3.66319089129697 5245 6723.10918942866
"217" 0 4880 5185.40390912491 0 4880 6987.11819349241 0 4880 13054.6074788227 -0.390991206287929 4880 5925.15861070603 0.71880970063815 4880 5047.56037758238 3.49586944739101 4880 6948.83973452648
"218" 0 11422 7652.12787399791 0 11422 21016.563933333 0 11422 29977.5061351437 0.262986496301494 11422 6984.91413688253 0.657247788639889 11422 17416.5543665894 2.08566007634754 11422 15981.7256808836
"219" 0 10455 7355.52834493192 0 10455 14980.1438884562 0 10455 24624.2827669306 -0.625655961198298 10455 9295.62586178021 0.518859735147274 10455 12706.5988545712 4.37495344184271 10455 17533.3089688905
"220" 0 6883 6249.88579168201 0 6883 12160.5215014693 0 6883 19078.7626881466 -0.0822781948573861 6883 6535.53906978081 0.662157705958878 6883 10202.5178502738 3.51822711888882 6883 9310.13084697586
"221" 0 5607 6442.13014092536 0 5607 6994.1233336776 0 5607 13413.3615152947 -1.21976794511341 5607 10374.0475330929 -0.599685175926206 5607 9696.08660865318 3.84695318464556 5607 7779.99523347958
"222" 0 7397 5246.37747709968 0 7397 13484.0029653536 0 7397 25490.8097049144 0.199689681108132 7397 4900.94051200164 -0.0962725466186566 7397 14306.806263664 3.36467927238721 7397 14490.4429318814
"223" 0 6583 4499.21158604275 0 6583 14258.5684431778 0 6583 23198.8553953747 -1.00116950368446 6583 6526.45017529294 -0.00105779961158366 6583 14267.2063469174 2.55018785523668 6583 14039.3427263169
"224" 0 5206 5267.05009550289 0 5206 5653.1837387675 0 5206 12152.3882907043 -0.33318618444555 5206 5786.76208025425 1.21879889232755 5206 3533.52973501211 2.67219415125627 5206 8507.91122692631
"225" 0 5592 6272.14068780761 0 5592 8782.13786933891 0 5592 14061.8129843535 -0.251177560204316 5592 7071.88613955381 1.27936065685695 5592 5235.1370063377 3.02235536008989 5592 6847.45907852408
"226" 0 3987 3082.31688691165 0 3987 5593.80965927452 0 3987 11510.5118763847 -1.06328887332134 3987 4728.6338265893 -0.437999684733222 3987 6691.2848764769 3.54769319486344 3987 6218.62142547755
"227" 0 6744 7651.62236159433 0 6744 11011.6960905003 0 6744 21441.2577677121 -0.641650681275462 6744 9619.3104716686 0.396096934611084 6744 9659.9256391426 3.13593536373743 6744 11514.0151010669
"228" 0 6851 6347.70105562971 0 6851 8256.00292511905 0 6851 16648.2621103164 -0.892046191660528 6851 9755.68335123213 1.23144479937317 6851 5390.82017644136 2.8739631799683 6851 8312.74763595246
"229" 0 12322 10277.9341891214 0 12322 32960.3703634394 0 12322 61117.6016790318 -0.16788101157916 12322 11750.1669906666 0.199267141436845 12322 27805.2796036295 2.00404958919987 12322 20614.0255151269
"230" 0 10622 10774.5330148817 0 10622 14586.7261303481 0 10622 19733.210347918 0.703295547126992 10622 8546.71658243738 1.74720701323188 10622 9860.33682928347 2.89780455258162 10622 11923.5334237599
"231" 0 5320 4767.71776439718 0 5320 6993.41251700954 0 5320 14258.8687237433 -0.887336589739989 5320 6710.91849295436 0.786438416329036 5320 5216.53234791761 1.77047198517824 5320 6215.74195289516
"232" 0 5769 6739.56300440731 0 5769 9367.25340322305 0 5769 13732.1631114923 0.411946421877217 5769 5704.47127823413 1.02127229805825 5769 6903.81454304182 3.01227391146473 5769 7250.6922353277
"233" 0 4735 4507.51794933886 0 4735 6918.21945097509 0 4735 14043.0232150041 -0.388884685502573 4735 5409.46057979422 1.26181958687106 4735 4511.4614968216 3.01324707103725 4735 9673.00035089352
"234" 0 20968 17646.9208578098 0 20968 26670.8668992654 0 20968 55559.2299935276 -0.156152791949127 20968 19359.812388855 0.834438629628483 20968 19635.5515803277 3.78356595700614 20968 33019.8544225285
"235" 0 5295 4944.67158906294 0 5295 16958.2882492321 0 5295 37270.2643984231 0.650069004832282 5295 3094.57411863116 0.105369462573145 5295 15606.679860386 1.93988460398189 5295 7882.13180142212
"236" 0 6903 5507.52294658369 0 6903 8991.43660664047 0 6903 23493.8858497441 -0.544374553327603 6903 6726.16263741751 1.34847427312054 6903 4991.30675391039 3.57258738917607 6903 15507.8666330432
"237" 0 10821 7057.79755967074 0 10821 11903.4125082572 0 10821 20815.6793923926 0.227196916060048 10821 6573.14616321603 0.00489603735066383 10821 11878.9557005465 2.41799798497061 10821 10953.9617976621
"238" 0 7480 9304.87987363921 0 7480 10888.4621829177 0 7480 24663.1864156753 0.49538814431496 7480 7502.74254070631 1.49101227417466 7480 7547.14564985436 4.31601799549911 7480 14709.6788332242
"239" 0 7760 6201.7213299412 0 7760 10340.5269971567 0 7760 19168.5127637701 0.253458534114705 7760 5442.73218712743 1.25143732374387 7760 6750.72971799964 2.87594675223423 7760 10494.8973700879
"240" 0 3396 2971.49887598394 0 3396 5384.44298084985 0 3396 12682.6848245085 -0.25213103112654 3396 3704.17163797035 1.42605384151345 3396 3291.04384027256 2.91062513445753 3396 4926.31716066089
"241" 0 7479 6211.29053483633 0 7479 8969.17954238805 0 7479 12747.7164191641 -1.19216897870252 7479 6944.94378412182 -1.01253268765248 7479 10213.3701935938 3.92216407100994 7479 8709.24537564634
"242" 0 5629 4628.3176962641 0 5629 9320.27799501372 0 5629 16553.8066549861 -0.266601245587689 5629 5257.59740922714 1.25526573285168 5629 5829.63217817816 2.16263702275997 5629 8382.69946885049
"243" 0 7650 7336.76902452214 0 7650 7793.3755927374 0 7650 17151.1286136948 0.020720569868659 7650 7277.62966150088 1.07866269410258 7650 5398.18283845319 3.83699975470342 7650 9449.32167964628
"244" 0 4894 4136.42471410638 0 4894 5647.84456509351 0 4894 12598.3895032528 -0.79313142933982 4894 6694.86906690785 -0.0457831217802739 4894 5764.27613930458 5.78978538145801 4894 9036.83327013512
"245" 0 3954 3467.73112189995 0 3954 5494.74397655876 0 3954 6164.44065392591 0.00904594325915553 3954 3453.59102179123 0.203724755072564 3954 4979.421034914 2.21996817092854 3954 3749.78005457238
"246" 0 6076 6148.66372150396 0 6076 8009.42750282551 0 6076 13914.7402107177 -0.332328173048376 6076 7578.94319864503 0.375814050536419 6076 6497.27806309566 2.41164095165894 6076 8908.9296657055
"247" 0 6755 8272.50857134346 0 6755 9820.00142487382 0 6755 16719.5495041028 -0.0305005504434132 6755 8393.78754410284 1.06744302393265 6755 7619.49276991122 2.96588735578173 6755 7506.19012783655
"248" 0 13361 12535.4626312983 0 13361 21750.8632865885 0 13361 30607.8177571619 0.0204047149092499 13361 12441.3201717363 0.868157779580828 13361 17158.6569061108 3.09877113580211 13361 24595.5081070444
"249" 0 6164 5620.68879247031 0 6164 7813.23941035921 0 6164 16144.2505219664 -0.838367294654235 6164 10260.7623150355 0.117426948804704 6164 7410.38182240316 2.81322307803579 6164 7921.40668018186
"250" 0 8898 9718.95294397648 0 8898 10381.4851852992 0 8898 18565.7448592387 -0.285024390831707 8898 11157.7642123146 1.37465990759145 8898 7212.84908338197 3.52337874317142 8898 12282.5805333527
"251" 0 5697 5663.8632056715 0 5697 6687.62266836054 0 5697 11677.0025049734 -0.0482503875669707 5697 5718.7279865096 0.989399677954763 5697 5261.66147280834 2.83683851659373 5697 7308.15803020211
"252" 0 6785 6980.41883631694 0 6785 9508.99545812567 0 6785 19850.4657571351 -0.676603439329261 6785 12448.2675078685 1.19282177273212 6785 5821.25511186738 2.65793304780484 6785 11193.5142433329
"253" 0 6800 7756.78102831738 0 6800 8728.35447649749 0 6800 14455.4825615736 0.293137361096928 6800 7208.65546854406 0.996376634049757 6800 5960.29364660328 3.09385443510819 6800 9291.10563780715
"254" 0 8262 7207.63299091443 0 8262 10375.0614932211 0 8262 21072.8900450009 -0.233634104569195 8262 8475.41183862873 1.07345686209838 8262 7990.62413835822 3.86700094614426 8262 12816.8386851238
"255" 0 4835 5053.71491676266 0 4835 5998.4511866688 0 4835 11460.312633877 0.0702368060762304 4835 4953.28071341576 1.27561960754694 4835 5117.78860121049 4.12297358703062 4835 6029.28120506392
"256" 0 4138 3479.23931446941 0 4138 5519.05878993046 0 4138 11132.7635319191 -0.570948548299554 4138 4993.50284995402 1.45341431567821 4138 3954.35066593307 3.5521871874668 4138 7053.9658759449
"257" 0 6409 5662.96563833343 0 6409 8966.71885488771 0 6409 13418.6099255099 -0.950889683750127 6409 7162.01758731671 0.895894376363224 6409 7617.97574682767 2.97585272991892 6409 8469.29825983916
"258" 0 9547 9707.88190280043 0 9547 12246.891505089 0 9547 22155.0082011875 -0.106384077237552 9547 9995.39258032528 0.859672962065281 9547 8913.79653505116 2.248748243344 9547 10730.4804065266
"259" 0 9107 7590.50969675335 0 9107 10692.6729568059 0 9107 27250.8650169116 0.057658088744711 9107 7391.41141700281 0.858008616434224 9107 8174.45554456074 2.4092682297234 9107 14665.8447540907
"260" 0 10760 6896.62399377352 0 10760 18024.6638168479 0 10760 38692.6978292266 0.204290113980774 10760 6100.41092033984 0.953221959301176 10760 13505.8475568016 2.45996237629281 10760 22714.5307780633
"261" 0 6013 5118.1262293943 0 6013 11344.7216670793 0 6013 18281.4156982097 0.319144405178294 6013 4806.30837534168 0.54072907670788 6013 9274.66368868218 2.25096176048928 6013 8662.02682306166
"262" 0 14180 14923.4096524982 0 14180 18003.8708714781 0 14180 48080.1642330472 0.0998779417566424 14180 14414.7157002491 1.26558963100566 14180 10710.252088738 2.69441369848715 14180 14246.8895077165
"263" 0 6673 5578.29822003137 0 6673 6813.71428410435 0 6673 17872.859684666 -0.0244922556990559 6673 5627.51326894414 0.673796173193993 6673 5946.14482142725 3.74242474914508 6673 10823.7618334659
"264" 0 2441 2583.16479846619 0 2441 3365.54301316049 0 2441 9008.49978925723 -0.16174853782535 2441 2842.17128914866 0.730468222993576 2441 2628.03068573685 4.09334921065451 2441 6756.0305450701
"265" 0 7410 4470.14260116343 0 7410 6769.95598274394 0 7410 17098.1292049825 -1.22972098210756 7410 9343.31731080756 0.608054448877991 7410 5181.5449963506 3.64708868997949 7410 9865.03218968021
"266" 0 17502 12761.8771977509 0 17502 21057.1431521746 0 17502 50546.57531388 -0.668492640027562 17502 15581.0810766483 0.491224065699184 17502 16592.8710750633 2.85723978381677 17502 31687.3733639452
"267" 0 6648 5967.62788092859 0 6648 8735.91968620293 0 6648 14506.8946050409 -0.737216213764797 6648 6745.54295760791 -0.401503135557462 6648 9770.02042724915 2.03957885967667 6648 9346.75005792587
"268" 0 7302 6810.28725615805 0 7302 10881.7034872534 0 7302 15994.2343756871 0.171211244609825 7302 6462.7783577576 1.03408930620947 7302 8760.60018785403 4.3740094467845 7302 10035.8144294693
"269" 0 4045 3888.93815605782 0 4045 5042.69478040707 0 4045 8211.25574035734 -0.411541384731713 4045 4191.79728378064 1.07388536584025 4045 3825.19181309317 2.7256250590866 4045 4334.77215436542
"270" 0 5997 5745.35003668458 0 5997 6169.91717898851 0 5997 12392.1032073792 -0.767187966553672 5997 7577.35810902229 0.743577963139791 5997 5139.62531508905 2.45291207049164 5997 7139.7300446881
"271" 0 3287 3567.66636323857 0 3287 5151.80531506783 0 3287 7443.3161598131 0.444768142138179 3287 3098.76619598572 1.48386594908517 3287 2925.75381769086 2.86162317510679 3287 4197.62074694891
"272" 0 5676 5751.20154350879 0 5676 7076.37386659595 0 5676 15416.6564116698 -1.20871353405722 5676 10155.2003853123 0.0259293514535886 5676 7008.56476906741 2.87935631893 5676 7632.72901205221
"273" 0 6516 8251.16546677608 0 6516 7889.2580438101 0 6516 19634.6050270654 -0.271548829799783 6516 10218.1715946059 1.1478387725711 6516 5398.37075885454 2.06946935986663 6516 8757.94105122969
"274" 0 7374 6360.79509474581 0 7374 10395.2750751833 0 7374 28528.7432465153 -0.48213793548844 7374 9834.33338488962 0.399245474268228 7374 7321.68282339705 3.75313905629617 7374 13950.3195943439
"275" 0 6931 8410.90518179176 0 6931 11668.4526602585 0 6931 20948.8530778037 0.178129662448937 6931 7431.34073102463 1.8066008634183 6931 6839.75987938835 4.3874494803683 6931 11423.3494120973
"276" 0 5682 6173.25708439321 0 5682 8249.54419098668 0 5682 18483.3497034421 -0.0318502667047885 5682 6240.12427144231 1.4130677044222 5682 5334.89994404556 3.93324124819768 5682 8097.74036273451
"277" 0 8093 10309.753902849 0 8093 12590.4778580885 0 8093 16582.0121589676 0.123020433384767 8093 10021.1512326711 0.00315082569155628 8093 12581.4427613596 3.72549401469405 8093 12172.0887107534
"278" 0 8793 10717.2979563967 0 8793 15651.912873769 0 8793 26086.9365305512 -0.21111503657219 8793 12012.7404528595 1.5446486807104 8793 9948.12261723875 4.48063687744393 8793 16635.1480419945
"279" 0 8625 8138.71566442719 0 8625 11328.1805444771 0 8625 16921.7263955701 0.0782185769129379 8625 7838.68858290245 0.630013646406794 8625 8783.92448314031 3.34499432531359 8625 12147.5137711884
"280" 0 8354 7654.13225347163 0 8354 12098.4286326837 0 8354 27173.8718434133 0.511326432583124 8354 5839.15211887309 2.02254208170798 8354 6560.43843615536 2.23547851332275 8354 14358.6966859548
"281" 0 9381 9824.29869033343 0 9381 13373.9109965427 0 9381 40845.9752349238 -0.0192346422472933 9381 9905.00503493371 1.42047514507209 9381 10993.7246613168 3.25268082962033 9381 17506.500719937
"282" 0 5732 5312.43888512033 0 5732 9997.50407276064 0 5732 15626.7367541413 -1.17803383470831 5732 8490.45606018752 2.08063742278206 5732 6210.73025668388 4.36328544324436 5732 11157.9861308872
"283" 0 7881 7752.80899874364 0 7881 12491.2016395908 0 7881 22158.6907656496 0.514847721293693 7881 5934.34252893875 1.29128924939356 7881 8031.55002625479 2.71980705800885 7881 12377.853272144
"284" 0 5169 5382.80789993899 0 5169 7485.5035522749 0 5169 13949.7033403034 0.187246857802599 5169 4935.40048781554 1.59250222400245 5169 4892.12170391372 0 5169 13949.7033403034
"285" 0 12358 10441.0344362631 0 12358 19608.0593391882 0 12358 33752.8588629502 -0.245791165234861 12358 11935.4100208301 0.692868205646253 12358 16363.7413461013 4.21829054820521 12358 21046.0608153275
"286" 0 6748 8133.82034103814 0 6748 9820.53418112081 0 6748 23296.1105768617 0.237740104049402 6748 7167.36128585079 1.39505918082167 6748 7043.20205039324 2.98343543247119 6748 11916.045699769
"287" 0 8143 7668.40342449145 0 8143 9554.26207857923 0 8143 16877.9938178331 -0.517920234494659 8143 8673.14611283033 -0.505532051641067 8143 10532.8695839032 3.11994470658486 8143 10799.6211308764
"288" 0 5806 5864.29810193946 0 5806 7109.919140954 0 5806 19239.6618897379 -0.247108557785013 5806 6357.36879226958 0.995826453498848 5806 5899.22023360411 2.73868005523518 5806 12422.5014436211
"289" 0 5758 7035.38545480191 0 5758 8441.67195411625 0 5758 13756.5505476905 -0.807889009282662 5758 11975.0087551199 0.868036258392658 5758 4820.82552594009 3.10571550092144 5758 5992.90423053671
"290" 0 20151 16281.9504117323 0 20151 24600.4155811072 0 20151 41222.991997194 -0.145862293537297 20151 17340.448484642 0.312048557367366 20151 22242.7359198423 3.23077382056879 20151 31894.274333807
"291" 0 11331 9164.88293233166 0 11331 14411.8539694649 0 11331 28066.0730121626 -0.211776348523105 11331 9723.70261989823 1.13417819591322 11331 9326.14137448303 2.75546197599115 11331 14929.3899750771
"292" 0 6921 6196.05900979029 0 6921 6913.43304832978 0 6921 12745.8438452757 -0.3229688927825 6921 6846.08103266221 0.951164661177962 6921 5179.46763692991 3.39091821701979 6921 8619.41039708014
"293" 0 5961 4839.90784119531 0 5961 7378.22934681172 0 5961 16112.7512071245 0.284675005348822 5961 4296.89169618516 0.963933266424662 5961 4034.13680423048 2.00405344571801 5961 5832.1575318907
"294" 0 5320 6002.71460041803 0 5320 6799.94970631764 0 5320 13139.8598037319 -1.0553789803463 5320 8465.1487710348 1.40850187169865 5320 4618.01365876608 3.88589024645322 5320 7991.45284189366
"295" 0 9953 11595.2357820185 0 9953 12451.092535884 0 9953 20460.3788575181 -0.290395795908849 9953 12957.2332739244 0.989908939935804 9953 9803.09593410424 2.58587332044942 9953 13985.1628080335
"296" 0 8704 7967.00296027314 0 8704 24744.1324197155 0 8704 30656.7382108346 0.673390197802117 8704 6501.94424737159 1.40240039055015 8704 12287.2904534054 2.29763923688678 8704 12822.5584281477
"297" 0 5153 4926.31587841176 0 5153 9701.29608831093 0 5153 17147.3917155677 0.403953098465528 5153 3525.1559012536 1.3591807451797 5153 5396.49593688592 2.28333224469836 5153 5759.79055709807
"298" 0 6192 7164.80241471727 0 6192 9896.00312648046 0 6192 19041.8930198393 0.407132608615701 6192 5716.01630339494 1.44802033950513 6192 6169.59392843539 3.58041239432426 6192 9256.50150489704
"299" 0 15986 19848.9241531609 0 15986 20036.2516592448 0 15986 36431.0517122355 0.48596460111343 15986 16620.8025843137 1.0195073323656 15986 13998.9752432528 1.91153457504825 15986 23223.232784872
"300" 0 5905 6000.07866097635 0 5905 8300.82305317212 0 5905 20461.8838150377 -0.583645291918906 5905 7897.53628425735 1.02463021189079 5905 5963.81844704254 2.14645201032738 5905 8620.9262593801
"301" 0 4725 4190.44035414544 0 4725 6092.79594861297 0 4725 13184.915416918 0.995915292270017 4725 3085.64717788294 1.19606604542956 4725 4147.21043674339 2.42849182960866 4725 6937.33640250731
"302" 0 6350 5596.70810611915 0 6350 8680.41779090211 0 6350 15487.5430684668 0.633600453515021 6350 4314.0571736652 0.76207088858707 6350 7572.37896385617 3.32434298499395 6350 10163.1551270847
"303" 0 6142 4305.31461186585 0 6142 9916.16546432247 0 6142 17338.3287769244 -0.752199330773743 6142 6220.40749037117 0.797211971623943 6142 6865.43304414212 2.14079390929078 6142 9951.57633709023
"304" 0 10504 12166.105767561 0 10504 13841.7922012143 0 10504 33166.6960490493 0.291851217375014 10504 10887.4394622575 0.981228475366076 10504 9213.3720739738 3.03237503143974 10504 19057.0289066437
"305" 0 6084 5119.22095962591 0 6084 8150.12476479943 0 6084 16638.9321394996 0.00606511923005308 6084 5100.55816871025 0.976520747872396 6084 5371.71790432171 2.07850685220429 6084 8711.18127422404
"306" 0 4894 5471.01134862691 0 4894 8790.80969948688 0 4894 14166.6681551724 0.293416397364989 4894 4879.04278633032 1.74011378245481 4894 5511.29513744549 5.73855308083498 4894 10303.1055689921
"307" 0 9216 7994.89024401965 0 9216 13341.0062010773 0 9216 24260.4795838058 -0.759785446869518 9216 11861.5286414263 1.4458440156481 9216 9288.4854306065 3.4589550409781 9216 14240.8990089162
"308" 0 5304 4319.80321406914 0 5304 6808.73743031177 0 5304 14738.4884081178 0.0597654889119795 5304 4204.11284270724 0.791334327386156 5304 4811.27287454848 2.64798798008324 5304 9890.76101505755
"309" 0 9120 10068.3974045685 0 9120 13885.4141826167 0 9120 24085.6535791155 -0.690909991255393 9120 12528.5417633851 0.504559595608482 9120 11813.9579910063 3.07156821311624 9120 15949.0682249821
"310" 0 5692 5927.84534971928 0 5692 7554.06903660701 0 5692 16527.0589557868 -0.273846977713155 5692 7126.84557291783 0.707815581403338 5692 4968.17762146267 3.04064209402233 5692 8014.10598502783
"311" 0 13987 13862.9894037149 0 13987 25967.9586719845 0 13987 39720.4959803722 -0.0834103770331287 13987 14958.9162197739 1.30088934271779 13987 16678.9192579504 1.8610848828165 13987 17891.1825592932
"312" 0 5614 5751.08195459236 0 5614 6559.17164998155 0 5614 12820.1241540772 -0.989966566189548 5614 9642.68597233633 -1.00052958198007 5614 8453.05440684828 2.53001736899759 5614 7762.70016061789
"313" 0 7035 6257.57400164882 0 7035 9429.19738450481 0 7035 13928.7546124366 -0.202726658517244 7035 6534.62363527133 0.244639685348094 7035 8799.78906764793 2.24502318760697 7035 7779.97726036075
"314" 0 8058 8429.50305076304 0 8058 13593.7978988068 0 8058 23035.3152794087 0.507183702500754 8058 6869.95366823284 1.38776320637957 8058 9280.63938028111 3.20783854541498 8058 10580.0219621399
"315" 0 6382 5371.01930717617 0 6382 7518.14310889011 0 6382 17464.8838145482 -0.337702228967479 6382 6221.02662474429 0.870428165448224 6382 4640.28181415651 4.57862497167404 6382 10331.1862659838
"316" 0 8385 6950.62365053272 0 8385 14274.5586727876 0 8385 27843.0332673888 0.823770017379549 8385 5448.70925919723 1.55510976673519 8385 9302.04683513444 2.84472169102204 8385 11585.7912442672
"317" 0 9467 5239.21620369434 0 9467 11814.8077625319 0 9467 22244.7178632336 -1.02608143213804 9467 8679.098267469 0.885437457169009 9467 7955.85933855493 2.21836803290641 9467 11483.6942182588
"318" 0 9898 8030.96278454763 0 9898 14621.7257715981 0 9898 41875.0471942678 -0.384724597612539 9898 10320.2043378451 0.533966844794068 9898 11188.9601078926 3.73755115716275 9898 22978.920978448
"319" 0 6667 5476.60059456071 0 6667 8897.73481437961 0 6667 17502.086811788 -0.0570808836354991 6667 5637.30812753802 0.828782055479936 6667 7339.85592550137 2.25883510010679 6667 11874.1690678785
"320" 0 7271 6186.87091316699 0 7271 9311.65489577374 0 7271 19864.6201563212 -0.0787553262835188 7271 6413.5237740872 0.242684771240573 7271 8569.10026006275 3.88408576934413 7271 10601.8635643153
"321" 0 4826 4730.31409525039 0 4826 8592.71080766126 0 4826 22782.1708671567 0.0637518705490874 4826 4476.23080491142 0.666682394690609 4826 6176.41095598838 2.56437287961069 4826 7779.79372687135
"322" 0 10630 8638.20066000701 0 10630 16273.65640107 0 10630 31712.6621682615 0.139836560132344 10630 7972.29630935975 1.27745942589141 10630 10689.4129929149 3.11552885642263 10630 16720.7002969086
"323" 0 3788 3510.54340114871 0 3788 5624.94664972138 0 3788 7735.71829838823 -0.419057171411936 3788 4009.06775464356 1.12095182641101 3788 4310.3623685105 2.18604777775894 3788 6316.95833599498
"324" 0 8662 9557.16866516595 0 8662 11743.083164744 0 8662 23728.398517362 0.170439311591785 8662 8758.94059135258 1.36522265478549 8662 5474.582344564 1.37904999966108 8662 15225.89947222
"325" 0 4639 4647.36670348065 0 4639 6767.81627923573 0 4639 11619.498522322 0.244839100312937 4639 4099.41354723301 1.11833582709075 4639 4503.72463368791 2.62076661603985 4639 6865.06481894656
"326" 0 14267 11264.1226031559 0 14267 22575.6574992404 0 14267 40389.1426654246 -0.000577247065580901 14267 11268.1967767625 0.923890091447067 14267 16222.3422519789 1.80992869892107 14267 20412.8784043758
"327" 0 7319 7952.49435924068 0 7319 10394.0289486481 0 7319 20767.7952055138 0.0454090237903655 7319 7802.598248223 1.42519156756001 7319 7038.25926386662 5.13702934716679 7319 12933.1759019425
"328" 0 7950 8120.94645652187 0 7950 8945.4432454499 0 7950 16577.351564852 1.15625065219863 7950 6276.86627016256 1.43998305806455 7950 7338.80336974124 2.18960161189704 7950 12306.5254625503
"329" 0 8368 10654.8081023233 0 8368 11007.363688968 0 8368 24170.6689766664 -0.109630715769642 8368 11181.1950004129 1.50910597198373 8368 7609.93952705326 3.80096856747458 8368 14139.7333337926
"330" 0 7229 8307.93396377725 0 7229 13489.3065831616 0 7229 18896.3990843299 -0.612863756335811 7229 10030.0213267479 0.263736646677479 7229 12365.2926096682 3.29938012337456 7229 12070.8511035005
"331" 0 4604 3987.02380333945 0 4604 9658.74272478173 0 4604 20905.7945736043 0.15873094516347 4604 3637.66182957361 1.04671249750109 4604 5797.811876712 2.64992042798958 4604 6456.58010953581
"332" 0 7461 8317.86487902129 0 7461 10687.4034593438 0 7461 17056.8694994972 -0.105298519844127 7461 8968.6328872027 1.01203652143003 7461 7053.90093516617 2.97174677245396 7461 10056.064856686
"333" 0 13407 11251.2855651779 0 13407 15595.6372020705 0 13407 33498.5036788136 -0.216503906338437 13407 13132.2742296204 0.797977361813966 13407 12033.6006233621 1.80241907486101 13407 16811.0592647336
"334" 0 10761 10190.6576524103 0 10761 15527.7502726358 0 10761 28091.5775420782 0.396153414891912 10761 8419.7004044631 0.533982675530264 10761 12500.8277277386 5.73256418583234 10761 22800.3938959607
"335" 0 8922 6998.37703363518 0 8922 11643.572673489 0 8922 27619.9166331133 -0.551521915790288 8922 8289.43098127089 0.579831672786307 8922 9623.52363735949 3.38534151616512 8922 13749.0035112135
"336" 0 9521 7894.72506721514 0 9521 12498.2820375974 0 9521 20334.778537876 1.04209396929348 9521 5403.41104708534 1.33703857523953 9521 8780.05858385347 3.90465842547122 9521 12875.9921066142
"337" 0 7013 6055.19464042531 0 7013 9125.48044354469 0 7013 14999.63941273 -0.0412359232512748 7013 6149.47845388031 1.14414872814608 7013 6922.27307718136 4.79465088095183 7013 9012.54180308987
"338" 0 6244 4830.86399628016 0 6244 10794.685894746 0 6244 13942.7683210412 -0.605544859220279 6244 8127.44168072297 0.894542091100374 6244 8604.99514881093 2.42600852866489 6244 9627.9278093848
"339" 0 4622 3696.39952645428 0 4622 6161.4934632542 0 4622 13327.9761924404 -1.37582933479082 4622 6592.06932238689 0.884879138330831 4622 4103.20092747902 3.47459033732273 4622 6183.42465092049
"340" 0 11628 10114.6136093062 0 11628 17328.5082390695 0 11628 43310.5608165449 -0.375450100067755 11628 12946.3274080203 0.5649151849514 11628 12727.366687537 2.92847228461312 11628 25765.9741801083
"341" 0 10026 11765.1639416482 0 10026 14590.6505771433 0 10026 26779.4460336208 0.343445138351164 10026 10544.4123630536 1.48372852665392 10026 9462.49984262543 3.23163711055017 10026 16168.5870227841
"342" 0 7659 8168.9643886075 0 7659 10699.2684099584 0 7659 26381.6896609146 -0.44910147208274 7659 12112.7111039245 0.403764141606259 7659 8495.15442045865 2.89083346844042 7659 13676.5085560569
"343" 0 17376 16957.5423736499 0 17376 23811.9056998123 0 17376 39975.0666871843 -0.205874867880509 17376 19136.4349175505 1.18890964856048 17376 18125.2305021489 2.63978702461219 17376 25893.7217866975
"344" 0 12789 10305.6441379204 0 12789 19547.6175570635 0 12789 40795.574870255 0.280052728404548 12789 9421.91058971982 0.860722318562831 12789 14492.7023352 3.20573283016703 12789 21258.1411581183
"345" 0 12569 9143.16687721334 0 12569 16779.0648307958 0 12569 36259.735825987 0.582856083592985 12569 7125.18807597036 1.16133051241389 12569 11130.5068393101 2.80212441054457 12569 18687.9130745629
"346" 0 4637 5146.89803757934 0 4637 7765.57609841781 0 4637 11759.7332507845 -0.45842032386466 4637 6119.79553753502 1.05295845587662 4637 5308.63101310036 3.49915193054181 4637 6742.82981406675
"347" 0 16690 14089.6800786397 0 16690 28606.8004425166 0 16690 66839.8013834727 0.0837487643232936 16690 13353.1390537064 1.29023945175628 16690 18087.5426071109 1.98585305264499 16690 32259.5757135881
"348" 0 8116 7609.29885378036 0 8116 14634.3039902014 0 8116 35281.4312298302 -0.0290334937173002 8116 7732.19144232225 1.17857961554433 8116 7743.24025083088 2.62320361904888 8116 13919.9413694861
"349" 0 3805 5027.51607629986 0 3805 8346.48614145985 0 3805 8083.42965547128 0.69629543313439 3805 4163.17662166706 0.773401327747333 3805 5886.2796128213 2.38539330972964 3805 3148.69352255139
"350" 0 5703 6699.99648089083 0 5703 7610.75457081323 0 5703 11292.295151237 -0.258612639047397 5703 7228.32887906181 0.446521573407354 5703 7026.244124126 3.68119156739266 5703 7789.27901069759
"351" 0 5147 3781.79034053327 0 5147 8198.37966043662 0 5147 12500.1994465423 0.728280218059602 5147 2906.37638311156 -1.27929543798114 5147 12294.5039112196 2.27106530335595 5147 7558.939520332
"352" 0 3419 4071.32277180938 0 3419 6188.71599290266 0 3419 10098.9013299181 0.976914084080354 3419 2280.80814332481 1.80933264905188 3419 3782.18821846175 3.68664684382629 3419 5808.38837716978
"353" 0 2555 2477.26795748916 0 2555 3683.63989017511 0 2555 5622.40508763514 0.182266844886009 2555 2346.91450400571 -0.632883954184609 2555 4366.59074611802 2.84034028891702 2555 2929.38201601749
"354" 0 5556 6817.97493123467 0 5556 7958.93611754068 0 5556 16677.3242222505 0.542023605356924 5556 5344.06402943748 1.23991294523021 5556 5112.77321219361 3.24839514048378 5556 8358.47223750542
"355" 0 6113 5679.83116892799 0 6113 10081.3709189462 0 6113 27671.9413782806 0.285550089246736 6113 5059.71160775703 0.95841327862985 6113 7003.22079694212 3.02356992348321 6113 15034.5417794722
"356" 0 7956 7878.21502579187 0 7956 9102.55989066852 0 7956 18753.0305377008 -1.03417527999892 7956 10856.1968046134 0.400524993653329 7956 8628.12789359107 4.06680053775212 7956 11736.4172770759
"357" 0 19295 15014.4911114833 0 19295 24251.1663895296 0 19295 43136.330666383 -0.969732705745448 19295 21982.0847520783 0.569585144808291 19295 21470.2051852849 3.11755991589825 19295 27272.3088532429
"358" 0 8845 12255.0577965237 0 8845 17083.7608320594 0 8845 32149.0539201057 0.285391557534885 8845 10785.7223580615 1.81695071806821 8845 11489.042400948 3.58691665901695 8845 14716.7369862325
"359" 0 7733 6847.66649210413 0 7733 9516.15087667997 0 7733 18475.5701250662 -0.633032025948996 7733 9226.32980025366 0.711752233242042 7733 7568.96388199191 2.70267084189716 7733 9467.25456839499
"360" 0 9382 8489.68843466053 0 9382 12251.700011076 0 9382 27280.8759958992 -0.15227412163564 9382 8931.41991833656 0.986111628509908 9382 10606.6686393305 4.23712420723341 9382 16704.8428983024
"361" 0 6771 8287.41147225525 0 6771 10261.9908205926 0 6771 19382.8516038286 0.426447446598185 6771 6188.79235165577 1.20898590967563 6771 4944.15904208833 2.09892065062756 6771 9197.05906813873
"362" 0 7198 7281.94782585669 0 7198 15079.2871384181 0 7198 24752.8530152401 0.0453963734920115 7198 7134.90235746147 0.757441711607921 7198 11592.3080838693 3.52720920797709 7198 10509.1831257806
"363" 0 7075 5746.27126801826 0 7075 7519.50344091334 0 7075 16215.3591343475 0.812925687832477 7075 4927.18055448949 1.14301490346556 7075 5325.82378330811 3.46439149459665 7075 10158.9437267354
"364" 0 7767 6119.06829536905 0 7767 8364.58153923671 0 7767 18241.707088318 -1.25634771754921 7767 8157.71960916922 -0.236116560280831 7767 8822.79186707065 2.63510876602885 7767 10106.516246282
"365" 0 7534 8780.56343561511 0 7534 10205.5675147617 0 7534 17000.8926712831 0.112721859874357 7534 8297.85099843143 0.431412643967512 7534 8283.30009615871 1.3963557655079 7534 9612.34822621012
"366" 0 4904 5238.96030204541 0 4904 7244.76561359889 0 4904 12048.9067759 -0.522725039900153 4904 6331.25941646297 0.844864752794609 4904 5662.55037761904 3.3666190122413 4904 7862.96659622851
"367" 0 6016 5795.18004277179 0 6016 9390.88472890625 0 6016 29472.6772441772 0.406595763849602 6016 4727.59895750757 1.37390825657519 6016 5791.16865793204 2.95823070834023 6016 9890.22809576547
"368" 0 9287 10838.260140678 0 9287 14807.3723431025 0 9287 33252.6587084187 0.0302331817048654 9287 10617.28086546 0.886201405515138 9287 11196.4313484 4.0771590563606 9287 16525.5083901948
"369" 0 13443 10085.7738436532 0 13443 15857.8324685913 0 13443 37654.3313841529 -0.741537735208844 13443 19866.0815606773 0.110227027548021 13443 15214.0787953268 3.29806465669043 13443 25582.1014541599
"370" 0 15192 12809.5749651528 0 15192 16656.157225372 0 15192 38488.3609637188 -0.397536588963885 15192 14711.0092009076 0.599528786087971 15192 14845.4322136365 3.12816967414944 15192 21542.9155801122
"371" 0 4153 4153.30579628976 0 4153 4810.9858678425 0 4153 8766.57845007635 0.430385938170794 4153 3388.07853058686 1.35901282992492 4153 3015.42207345766 2.21903050979635 4153 3654.10767634775
"372" 0 3629 4575.50458649049 0 3629 4623.75989146497 0 3629 7743.84903528836 -0.701304873760151 3629 5281.61787783776 1.51817419224468 3629 3469.41483565329 2.8967096910301 3629 4607.63576870683
"373" 0 5895 5904.10757479621 0 5895 7196.97952122317 0 5895 11247.7627253236 -0.0545217743501286 5895 6041.58653258597 -0.751362522067261 5895 8111.81691909553 3.09656526020048 5895 6907.46385722041
"374" 0 5708 4898.4729173599 0 5708 8136.93887798469 0 5708 13921.4802742917 -0.215722879307892 5708 5141.39532956534 0.52137856264414 5708 7199.3305314844 2.13468786527177 5708 6554.59574395797
"375" 0 5840 6152.85310886072 0 5840 8764.40791596668 0 5840 15696.8386719801 -0.43335942918915 5840 7708.2237637439 1.09454588079585 5840 5304.25477978204 2.3933536262014 5840 8011.13490224249
"376" 0 3381 2618.54010438445 0 3381 9329.12105282694 0 3381 10163.0036600067 -0.0223326441672051 3381 2648.39888750279 0.844088140160644 3381 6899.81344776032 1.58744211158027 3381 6455.99960312994
"377" 0 8081 6500.70663102229 0 8081 11816.3876367871 0 8081 20977.6214329169 -0.447050046256222 8081 9880.95714803984 1.40979191744952 8081 7899.42519291983 3.46902097796529 8081 12218.6282285789
"378" 0 16414 15633.832713996 0 16414 21989.9255757902 0 16414 45333.4246072904 -0.672152376312218 16414 24645.5273006454 0.913782118961092 16414 15262.2108302811 2.90726573592512 16414 27873.9781957517
"379" 0 7412 7143.63414472748 0 7412 9485.61406732491 0 7412 17773.561186401 0.555365900644654 7412 6205.88495761618 1.30826094452938 7412 7174.94312947891 2.91625565236442 7412 9993.42832845405
"380" 0 7448 5068.56172042226 0 7448 11275.776680012 0 7448 21152.0858281261 -0.368118239706638 7448 6247.36412564332 0.301287264031963 7448 10258.5161963781 3.40189546194499 7448 10984.8494162449
"381" 0 9089 7394.02166418129 0 9089 12599.6670313246 0 9089 21985.426648651 0.479531191089127 9089 5762.97286731573 1.49996227909942 9089 8104.99324378551 3.06806389386147 9089 12386.449772871
"382" 0 13312 12259.5112868823 0 13312 14470.6569465036 0 13312 56815.150397272 0.278264930959384 13312 10155.9746763292 0.870441139906128 13312 10584.9453370365 2.59467475905356 13312 27300.0102687767
"383" 0 9265 9336.74923017568 0 9265 13752.5637077007 0 9265 23222.7478494956 -0.0480269113340164 9265 9504.408849725 1.1260230656768 9265 9920.77660673879 3.10500200084794 9265 14272.694009321
"384" 0 4647 4265.66731223017 0 4647 5418.86417724069 0 4647 24934.1622594222 -0.868109570250136 4647 6703.48626988022 0.778109151625129 4647 3861.13811116308 3.27388057201889 4647 13691.1225446807
"385" 0 5074 6363.64487178354 0 5074 8161.5345620575 0 5074 15422.3721849027 0.395287819053393 5074 5111.84599864448 1.96160505540228 5074 4583.59588813079 3.65761016785103 5074 12248.7226657924
"386" 0 7478 6968.05051823645 0 7478 11759.0152651994 0 7478 26200.6128010556 -0.544842134932511 7478 10117.8360754297 0.284304307218008 7478 10405.5011627946 4.58764785085506 7478 13784.0881754999
"387" 0 8595 6647.88671755168 0 8595 14344.8078766593 0 8595 18127.0837812586 0.501604037892877 8595 5362.8611111672 0.977294485900632 8595 9603.02661275943 1.62053348947925 8595 9786.53504433271
"388" 0 6441 6963.99059727135 0 6441 9491.90625008516 0 6441 24966.6402310835 0.170733582619463 6441 6180.39523948915 1.19730754622513 6441 6461.49396974555 3.55214293311692 6441 11086.5662493153
"389" 0 12958 14584.1244948719 0 12958 21547.2629458764 0 12958 34019.2592053528 0.658680628240105 12958 12159.2927731057 1.63796094165683 12958 13825.9397601346 2.8668386955723 12958 24427.5517782403
"390" 0 5959 6120.30772738944 0 5959 9027.89577564345 0 5959 17492.0055183244 -1.00674372136397 5959 15398.1058624566 1.14424604940325 5959 4852.7664412131 3.68551747125832 5959 9624.21186960805
"391" 0 11363 11832.5364532912 0 11363 16838.798923378 0 11363 27546.6988912435 0.00169778047901549 11363 11824.2451939011 1.61851895253137 11363 12705.7218443804 5.3288895804255 11363 19796.1812450852
"392" 0 8104 5578.97805552229 0 8104 12043.4508976297 0 8104 27830.4006087164 0.149467022390646 8104 5027.97973356848 1.02006242090518 8104 8054.56345161397 3.13280794536107 8104 13620.4208348388
"393" 0 5026 6773.15444948582 0 5026 7509.04167567958 0 5026 11662.8821578994 0.233577475138894 5026 6065.22582088262 0.874363341302487 5026 5064.49418191408 1.74249585765038 5026 5179.42860390612
"394" 0 5826 4437.49832854833 0 5826 8122.28583116977 0 5826 12366.808060559 0.970223571769339 5826 3498.02606035824 2.48933704684912 5826 5960.55880215486 0 5826 12366.808060559
"395" 0 6601 6905.06651632392 0 6601 11220.1543883301 0 6601 20470.3343760995 0.135348141496441 6601 6238.64515659573 0.802815957291137 6601 7749.88991652877 1.70351367115717 6601 11399.0360959776
"396" 0 8708 8004.94152662989 0 8708 10507.6812990494 0 8708 21665.3278480442 0.00795778347756489 8708 7982.34321766386 0.55322368211863 8708 8827.68867831488 3.81016001935757 8708 13399.3088777212
"397" 0 8722 8922.45310780556 0 8722 10592.3777325975 0 8722 24254.9890350951 0.0637187001627387 8722 8655.13370635949 -1.0069762718433 8722 13960.9954470361 3.18261258211243 8722 12846.7359297776
"398" 0 8077 7151.39593773774 0 8077 10787.8559760256 0 8077 22997.5721220245 -0.636638805428577 8077 9726.65765347593 0.614588273939962 8077 8353.74289862424 3.31613074773222 8077 13201.4302099539
"399" 0 9168 9741.91589231453 0 9168 13561.3356763629 0 9168 22403.0623219821 -0.888754061406598 9168 15240.5063899197 0.360484601680133 9168 11907.2723415286 3.43947840462482 9168 11178.9193580481
"400" 0 9422 8126.4703919525 0 9422 10350.6551337601 0 9422 22528.8033578966 -0.635790494773663 9422 10236.4642957606 0.748457640033167 9422 8399.82102093846 2.96018185211566 9422 11674.5424443299
"401" 0 5924 6654.21794066832 0 5924 7570.63816908491 0 5924 13800.0268858511 -0.520362153346978 5924 8414.24096212163 0.859483359496311 5924 6222.36995265273 3.59153118509397 5924 8745.45430583682
"402" 0 6459 6223.72806301123 0 6459 10366.9287841428 0 6459 18697.7251122204 -0.568574653732624 6459 9218.1773227504 0.83113359360203 6459 7842.83846481661 3.9948693133625 6459 10273.0434475252
"403" 0 18339 23424.5359384083 0 18339 25379.8002204798 0 18339 44864.6200138715 -0.00180621700881897 18339 23445.6912820398 0.919428343050827 18339 19467.486989238 1.24156493854835 18339 27817.0529398297
"404" 0 7578 7360.58463915523 0 7578 9627.45645240517 0 7578 16400.1361108004 0.594629842072643 7578 6214.8590959175 1.52834092541107 7578 6755.96820936884 4.40313931597556 7578 9998.54358081958
"405" 0 7564 6757.87482679376 0 7564 11010.2814851448 0 7564 27068.3549835609 -0.109150794777758 7564 7110.88715709192 1.11219052230113 7564 6947.66032910067 2.32425464523145 7564 11965.9040830156
"406" 0 8874 10419.5376507911 0 8874 11776.3482133123 0 8874 20989.6786596742 0.0594207476372516 8874 10080.1318020306 1.25338588867226 8874 8412.28544981818 4.665020816353 8874 13477.1850243641
"407" 0 12040 16044.9080114834 0 12040 18790.1574418798 0 12040 35896.2185342909 0.491902687165331 12040 12790.1924182496 0.9196998552278 12040 14060.4096065738 3.41365633837832 12040 17460.0401473311
"408" 0 7854 8469.37253870757 0 7854 12075.4065619309 0 7854 19621.0732138922 -0.160369613247978 7854 9032.44074356876 0.885200355199178 7854 9673.28328966116 4.59342028513189 7854 12619.0253116061
"409" 0 6443 6421.43998199665 0 6443 9004.33008457135 0 6443 16087.0257758962 0.675774931238894 6443 5192.50161140449 1.32771047684577 6443 6112.03226219498 3.36117216136072 6443 8427.69808145867
"410" 0 4732 4120.77180533674 0 4732 4855.99251268221 0 4732 13122.6899335684 0.486128910505601 4732 3714.48852131926 1.36629737192942 4732 3013.3375347762 2.13345170708314 4732 9810.71175711005
"411" 0 3747 3170.50573754494 0 3747 4935.0516626527 0 3747 9433.22184776217 0.0340354432903672 3747 3148.1483465981 0.392828986217158 3747 4470.07878219751 3.39633137054591 3747 5190.62124930659
"412" 0 6419 5506.41431961649 0 6419 6754.94974871446 0 6419 14571.9138030388 -0.871099827999919 6419 7929.36759945531 -0.112840804029835 6419 7004.2403805537 4.12742750142483 6419 9615.696435749
"413" 0 4287 4442.74445677353 0 4287 6068.61904938368 0 4287 9505.27700537418 0.408839027160403 4287 3996.58735637483 -0.108025565490369 4287 6228.63884495776 3.73947284464877 4287 6498.93444278908
"414" 0 7383 6271.2284213095 0 7383 9110.26185240839 0 7383 26200.4083305504 -0.166545249838331 7383 6889.81065128098 0.466389788429367 7383 7167.96623666065 2.30353345360294 7383 10802.8109213849
"415" 0 7162 5048.45439789256 0 7162 7902.2896930406 0 7162 12248.0064642937 -0.202049569790456 7162 5227.1016198147 0.872168527758059 7162 5989.34697073642 2.09926570320586 7162 9182.13145423942
"416" 0 10404 9113.86612575935 0 10404 13134.9772078121 0 10404 27417.8059109024 0.227029808484813 10404 8393.12646632851 1.01808769306477 10404 8762.46394844718 2.24211944491336 10404 11412.2176223197
"417" 0 4371 4129.52187618846 0 4371 6105.57490928044 0 4371 11536.901189159 -0.168818015764852 4371 4361.89804966856 1.02456628316103 4371 4333.80628660785 2.49123829346563 4371 6113.90318041468
"418" 0 3496 3650.87440221494 0 3496 6049.42895068126 0 3496 10336.1944255301 0.561769562284986 3496 2623.62804597671 1.22513196885847 3496 3640.86193507919 1.91451395289099 3496 5056.19543961469
"419" 0 6051 4641.35011374641 0 6051 8322.14070021111 0 6051 14944.7169831747 -0.64014902902477 6051 5255.11169701137 1.84111611409936 6051 5293.61120868778 3.00853607996731 6051 7149.55354407061
"420" 0 5045 4528.95462685499 0 5045 7337.48373299778 0 5045 12458.6861077441 -0.829747468525441 5045 8545.68519752245 0.040112991255783 5045 7271.76566648329 3.94903506830859 5045 7726.44282030341
"421" 0 11361 10464.0635516695 0 11361 13515.8070059745 0 11361 27095.7294162156 0.790131812797906 11361 9353.20908611377 0.546382646757474 11361 12011.6614291791 5.09434147775831 11361 18599.3885848618
"422" 0 6160 4906.28145688202 0 6160 7524.31041665703 0 6160 14309.6353584491 0.254797591520808 6160 4531.69528163429 1.18854501561779 6160 4547.7126363416 2.85564469239467 6160 7745.29196292306
"423" 0 4600 3220.76393338742 0 4600 9168.56199081229 0 4600 15438.3216679844 -1.5848465290409 4600 6598.76796210334 0.0879499861098612 4600 8636.25614600646 2.44076600612617 4600 5963.07595331147
"424" 0 7118 6025.97403154401 0 7118 7990.66436571636 0 7118 15738.8381783191 1.24469731362867 7118 5042.48247296639 0.0510433720114453 7118 7873.57140460095 2.57887068226971 7118 10559.0349323782
"425" 0 3913 3963.59408920823 0 3913 5552.50227933747 0 3913 14938.9342881952 -0.54737997098294 3913 6044.28508208167 1.00210022481008 3913 2619.55065025006 3.09233227038087 3913 6984.2589923388
"426" 0 8648 7163.83037692647 0 8648 11306.5187031012 0 8648 22522.1625659753 0.0703806750040685 8648 6951.16105102642 0.910844078359322 8648 7478.64712205764 2.44762962158546 8648 15550.7563251239
"427" 0 7985 8281.88150115486 0 7985 12727.5439311112 0 7985 22554.7126618202 0.260715807036812 7985 7204.16308488521 1.15868022676911 7985 9493.53336492102 3.45304693200459 7985 12754.922455395
"428" 0 7519 6483.74704967254 0 7519 9851.07479527999 0 7519 16453.0715111984 -0.849813391104716 7519 7909.98686068509 0.0529522931376055 7519 9657.60971450106 3.18140237025518 7519 8966.80533505418
"429" 0 5245 5380.44010954378 0 5245 8350.89374753959 0 5245 13273.5051083965 1.31947425476056 5245 3418.38212405851 2.26814288573882 5245 4778.20661045354 0 5245 13273.5051083965
"430" 0 4717 4496.22041568912 0 4717 7042.70067179201 0 4717 12050.2903899327 -0.00725075631680683 4717 4511.48404966187 0.811295419499081 4717 5727.77327199533 2.09238364269096 4717 6793.29503390916
"431" 0 7429 7710.97214380056 0 7429 14448.1447218371 0 7429 18490.221288894 0.761864191595545 7429 5891.38075929714 1.56155071838689 7429 9689.7377875075 2.30072395485962 7429 8883.33908688429
"432" 0 8020 8839.51328428478 0 8020 11852.3084611585 0 8020 24480.610115012 -0.0653153982022909 8020 9038.1439459261 2.29411320499969 8020 8448.36930054562 13.7235582803286 8020 19793.2179787308
"433" 0 6961 7019.16904738221 0 6961 8860.1852063302 0 6961 20358.7107697694 -0.626689086458585 6961 10175.3527578847 0.377059450390415 6961 7735.66720886446 1.80579826626772 6961 14883.6953228764
"434" 0 4910 3993.38787260325 0 4910 8167.7958964988 0 4910 12616.6174419577 -0.106721387692373 4910 4254.4177753989 0.872882323963634 4910 4875.87886828907 2.21691559227832 4910 5635.4829678486
"435" 0 8695 6894.85589803737 0 8695 11854.1125372273 0 8695 33456.742774231 0.172938986935819 8695 6362.17900225882 1.18741911945494 8695 7501.41695847812 2.15095283830489 8695 16345.9637148791
"436" 0 16475 16460.5092810673 0 16475 21781.9991856096 0 16475 105241.849141866 -0.687726206733721 16475 26953.3014242601 1.07770896033909 16475 16533.7692976216 2.15115163444714 16475 36959.4613544072
"437" 0 12764 11419.9013640107 0 12764 17204.020382023 0 12764 33440.2045517345 -0.494065891001221 12764 15553.0543937631 1.08257708578751 12764 13191.4790652608 5.96225368641341 12764 22487.3854444847
"438" 0 7444 8198.13827446861 0 7444 10058.9580437123 0 7444 18322.5020997467 -0.12780564960753 7444 9230.87948638009 0.735344584430739 7444 8165.25174570301 4.17601595039979 7444 11067.4221834031
"439" 0 5640 5756.85548570729 0 5640 8218.52921435238 0 5640 14249.5373019544 -1.00643526789201 5640 9605.0713629792 0.564024108511269 5640 6004.92832910493 3.0968862570555 5640 7459.02161175627
"440" 0 14151 10486.2030085227 0 14151 19453.566356431 0 14151 35674.1537396966 -0.0709795681663546 14151 10913.5631028778 0.808944256137292 14151 13718.5469476063 1.12282890892383 14151 21980.8940221137
"441" 0 5860 5889.99386625449 0 5860 8024.83428580968 0 5860 15386.2683489902 0.0759994393503159 5860 5664.26652960401 1.46427484362654 5860 5570.55968747817 5.44020833414518 5860 10210.4733672939
"442" 0 6688 6120.25984014709 0 6688 9434.93028786085 0 6688 14971.5201719804 -0.588799960780925 6688 9611.05647103469 0.163465256569975 6688 8881.70224921605 2.98479472895319 6688 7992.6040407764
"443" 0 6004 6015.30866914406 0 6004 8582.51187731716 0 6004 12686.4205623541 -0.644713026158753 6004 7474.78753611363 -1.7490610746389 6004 13591.9504814617 2.65713200740031 6004 7109.38574686816
"444" 0 7361 7102.82406548332 0 7361 7756.92853269925 0 7361 14716.8129042131 0.366224221326422 7361 6580.76456722117 1.06711208534793 7361 6258.37444485426 3.29525360578048 7361 7893.74272980382
"445" 0 11853 13684.8415327661 0 11853 16597.7558891694 0 11853 28169.8608112526 -0.507180777218442 11853 16881.1437427859 0.0813434773011375 11853 16227.7760041376 3.8706622715313 11853 16402.2014424815
"446" 0 15662 18143.1898999337 0 15662 21806.3710843045 0 15662 51720.391399338 -0.544253199828288 15662 27518.8288789164 1.14137900649454 15662 15268.1067636289 2.49051412547918 15662 27585.0019247411
"447" 0 4850 4066.73893016219 0 4850 5865.09246880859 0 4850 12414.0999475142 0.42848808693604 4850 3371.51998307311 0.938864295203795 4850 3626.8378056963 3.53925991440041 4850 6666.64003063256
"448" 0 5870 5417.77352277074 0 5870 7060.62637661705 0 5870 11683.4027054751 1.46302368637903 5870 3526.77283910724 1.78364659958711 5870 4653.0185235934 2.99799536417415 5870 7060.61742441772
"449" 0 8770 11741.6256745547 0 8770 14288.6738782788 0 8770 23149.8597146875 0.414537281969729 8770 9741.91132820177 1.18079005056684 8770 7305.00692672025 1.63744281621193 8770 11933.3080488915
"450" 0 7829 10064.5146412316 0 7829 16720.150054601 0 7829 22280.1706312412 -0.117098148439006 7829 10473.6473155264 0.591137614855077 7829 10042.495961439 1.71405052076631 7829 11743.8550077788
"451" 0 9205 14734.7855625767 0 9205 17524.0560113097 0 9205 32029.0883946409 0.128745621376599 9205 13703.3537658446 1.15030907102749 9205 11104.0651592242 4.60406644198943 9205 17977.0931976636
"452" 0 4914 4809.21924601791 0 4914 7358.10711611466 0 4914 12572.8144999106 0.995174338479661 4914 3493.32657977966 1.56684498724893 4914 4213.17328920028 3.18464607858297 4914 7392.10286729917
"453" 0 9538 8966.41637887676 0 9538 13216.5015150105 0 9538 19840.8701355801 0.102919145268485 9538 8788.50976011833 0.212408627972483 9538 12223.3532312158 2.1491979109516 9538 9818.27173094782
"454" 0 7894 9111.1194850694 0 7894 17954.8263234996 0 7894 26845.1486272717 0.463012920305976 7894 6984.01989363447 1.17611434292605 7894 12277.2135391261 3.75359388032718 7894 13457.0777282372
"455" 0 7814 6557.33093696476 0 7814 14957.5877658862 0 7814 22445.142925917 0.617479905726191 7814 4929.44279050205 1.16527478726572 7814 9318.68519158075 1.73956116870885 7814 11883.8887621099
"456" 0 7750 7889.90610290431 0 7750 10750.1546437099 0 7750 18632.8313650848 0.566445093736674 7750 6534.19342155591 1.36345499957746 7750 7668.21274469221 2.57811491690873 7750 10427.4662941051
"457" 0 13435 13212.8939430172 0 13435 17736.243564481 0 13435 29189.4341650865 -0.483967289235696 13435 14945.8093315328 0.523785917621241 13435 15467.7850079187 3.15683401116123 13435 21992.9995711944
"458" 0 6377 5618.54675702673 0 6377 10478.89620852 0 6377 17517.9268107011 -0.55018289343779 6377 6870.86725512235 -0.786665934716251 6377 12896.1206126033 2.15796528695688 6377 9318.29122592716
"459" 0 7970 6743.98465598114 0 7970 11277.0087868605 0 7970 22441.3932691368 -0.0185109378385056 7970 6859.29198130503 1.3399632156882 7970 8063.08961808648 3.62404590578764 7970 12307.3482499353
"460" 0 4983 5206.9883695312 0 4983 7320.1551802188 0 4983 12785.5777710708 1.21733111613884 4983 3592.45821815354 0.913306078235862 4983 5000.0407616088 3.13886007744723 4983 6291.04693062171
"461" 0 7909 7439.08015350755 0 7909 11076.8036200276 0 7909 21011.93084901 -0.478521863978127 7909 9051.27440533057 1.60130005327055 7909 7631.69227804063 2.83883029322738 7909 13563.7118660704
"462" 0 5966 7000.92240853526 0 5966 10489.1825734357 0 5966 20493.9799340796 -1.41464083601815 5966 12804.8120156647 0.4974663551601 5966 6041.35368589551 2.03299108232261 5966 5372.33292132774
"463" 0 8173 10622.6770246974 0 8173 12030.2016780102 0 8173 27227.6617516661 -0.513992292042269 8173 14731.7334566692 1.05763805171483 8173 7555.5723720195 2.7794207180483 8173 16034.424480057
"464" 0 13499 13584.1021555371 0 13499 21681.5228065292 0 13499 31068.5744570457 0.394904218508923 13499 11588.3672189236 0.923517843514724 13499 16519.7815060286 2.40114330668144 13499 23336.4387155666
"465" 0 4703 4212.24844766102 0 4703 5228.75344821325 0 4703 11113.9687050164 -0.375844496148876 4703 4866.1659675673 0.682001340961772 4703 3864.8346122138 1.92437995421321 4703 6319.12943967733
"466" 0 9836 7236.87586326898 0 9836 13143.4913566831 0 9836 28139.1346034366 -0.697056686423286 9836 10563.370605059 0.779594243395266 9836 9461.42410201152 1.92412925144042 9836 14358.6134781491
"467" 0 8259 6042.48652215276 0 8259 11323.6266023391 0 8259 28157.0014348459 0.286320570413596 8259 5348.57774751581 0.606776081820734 8259 9052.70224334093 2.31613836026034 8259 15627.2779740231
"468" 0 8398 7174.75710521247 0 8398 11905.918383791 0 8398 21953.6170946442 0.336256937657442 8398 6068.63176555884 1.7349666043449 8398 8649.04112351443 4.33507065796232 8398 14516.8131401232
"469" 0 4138 3215.93310348146 0 4138 8233.82424236334 0 4138 17521.7284288717 -0.871304963447703 4138 4214.18310200419 1.38995626146159 4138 4817.40628127218 4.93529796375234 4138 8997.84325834064
"470" 0 4177 4168.93679912856 0 4177 5149.11928257424 0 4177 7784.73310898774 1.28950409400141 4177 3081.48599328467 1.70710458742614 4177 3524.25982033977 3.47734024705698 4177 5849.6748780226
"471" 0 6134 6203.93193664497 0 6134 7720.78899325028 0 6134 17473.192405288 -0.0258364277455682 6134 6265.35767753623 0.327625142026949 6134 7227.41980020642 2.5482521200569 6134 9460.13992415831
"472" 0 12896 7978.84609813998 0 12896 17590.1246524582 0 12896 32438.6398590512 0.26881901170879 12896 7132.54790845011 1.08232899955866 12896 12986.5137173908 3.88308852349104 12896 20098.796277548
"473" 0 7675 8697.6827809801 0 7675 11617.2145514731 0 7675 21158.5081984673 -0.0350906674619486 7675 8840.19224646378 1.69490910632222 7675 7924.94273017469 3.06806185257135 7675 12402.551446498
"474" 0 5066 4102.55268046761 0 5066 9382.84047441674 0 5066 14498.1453680595 0.111773339144374 5066 4033.0034889789 1.39477652033816 5066 5833.53819525695 2.67519697471629 5066 7842.23698633736
"475" 0 7440 7357.04930430919 0 7440 9922.76198838276 0 7440 23965.2735227392 0.24691098015087 7440 6331.95857941017 0.996457024728834 7440 6790.06348492009 2.70787385743328 7440 14075.8342191745
"476" 0 11454 12665.2510212079 0 11454 15913.3957543904 0 11454 39705.442175144 0.178263280743858 11454 11468.6974023704 1.16709971655306 11454 12480.3181471344 3.03363438903594 11454 22091.496637669
"477" 0 7853 9529.67402728094 0 7853 15735.1498603372 0 7853 25505.4242063183 0.318349627218979 7853 8459.77102934851 0.940745270813717 7853 10123.6660755132 1.41792389753308 7853 7972.32563464345
"478" 0 6333 7758.39382282441 0 6333 12738.8143214593 0 6333 21151.737183084 -0.17579829330781 6333 9153.41665831843 1.3206307791046 6333 7407.14954761024 2.19240801350562 6333 7994.3225372074
"479" 0 8032 7855.04409294279 0 8032 18415.0148416343 0 8032 31656.3695572374 0.171191737003623 8032 6544.81160809446 1.03517641678851 8032 10360.8372768273 2.39485106911264 8032 12050.0038488737
"480" 0 6920 6967.47431127652 0 6920 9271.14464515573 0 6920 13227.3043782899 -0.0790615066589653 6920 7295.88617880832 1.45897770856047 6920 6018.7448158527 3.6238494291213 6920 8237.47500099342
"481" 0 4213 4065.85198157135 0 4213 5982.13506764459 0 4213 9341.60534023916 -0.51700805057199 4213 4443.70382869501 -0.640883326957707 4213 7174.58997760973 3.3202657173063 4213 5252.44613908212
"482" 0 9188 7254.399039107 0 9188 15753.4159238834 0 9188 33985.895115964 0.241388401453877 9188 6422.7494692134 0.839069727748671 9188 10798.009056183 2.96600350187233 9188 13082.8200528728
"483" 0 6886 6859.3101695136 0 6886 10071.8193175663 0 6886 26809.1248331078 0.59584908670857 6886 5633.74067080271 0.571790240266164 6886 8428.97577729611 5.94467677632166 6886 15265.1526686005
"484" 0 12367 10084.8322129706 0 12367 16667.3793605802 0 12367 50961.1381867445 -0.0206633571021547 12367 10250.5286225348 0.837181912474169 12367 11741.955358711 3.44171896866065 12367 29584.3607290833
"485" 0 20082 22945.6706655797 0 20082 29087.8642120237 0 20082 40146.5473403447 -0.119705642363635 20082 23860.084371046 1.51029589803588 20082 22412.6346822484 3.1424421227512 20082 24793.9444647997
"486" 0 7652 8682.67598017331 0 7652 8632.12964030005 0 7652 16169.8223268539 -0.556673228252922 7652 11010.4138541278 0.761733356357695 7652 6362.56046768088 2.91707933496202 7652 8509.33016239581
"487" 0 17184 24679.1134829897 0 17184 20897.4247776957 0 17184 36830.4597586249 -0.0924490355693434 17184 26138.644370911 0.068319955349696 17184 20332.2157766318 2.73146357929788 17184 24773.2324913662
"488" 0 8787 9164.17871588005 0 8787 13367.1384165621 0 8787 21208.2758438138 -0.530134444660779 8787 10831.9480513574 0.305248568292652 8787 12104.946385727 2.89931425006922 8787 11211.5490318998
"489" 0 12965 10861.567562637 0 12965 20213.2942601439 0 12965 39887.1068879138 -0.318240521062808 12965 13472.1328826662 0.234199631769488 12965 17952.3441240851 3.07989445606742 12965 22621.538937364
"490" 0 16323 18732.5537700408 0 16323 21566.7768356856 0 16323 47013.5697906714 -0.660063976763238 16323 29798.1304595651 0.728519771245591 16323 17081.8121399025 2.41024523795516 16323 26812.4383785758
"491" 0 20364 20316.3990722213 0 20364 29515.3063809031 0 20364 80076.2479822594 0.395139244043429 20364 15532.1874828868 1.32383766266078 20364 22068.7721345542 3.25036947574041 20364 43167.5164435677
"492" 0 5443 5890.40156003771 0 5443 9710.88303025265 0 5443 17774.905321295 -0.336008552199066 5443 7179.761098594 0.987156740160323 5443 6948.16478044045 2.81233556556606 5443 7973.66160092203
"493" 0 16398 18716.6890906674 0 16398 20522.3336793718 0 16398 55391.7576246249 -0.143602231727138 16398 21048.1136344764 0.638812153334799 16398 13897.9211867084 1.64520776686408 16398 35871.2636839108
"494" 0 5729 6003.58257271641 0 5729 7604.59422073805 0 5729 18743.2902722083 0.0807763664164688 5729 5768.65891666635 1.01846505256915 5729 5362.99320837545 2.93416266322053 5729 9167.56143076905
"495" 0 5299 5084.9451023215 0 5299 8404.76238667617 0 5299 12418.3588671031 -0.644633214790319 5299 7036.00881736999 0.504957374354939 5299 6423.42368600212 2.46444053635006 5299 5928.88499468741
"496" 0 5565 4331.64037962419 0 5565 6776.09723922234 0 5565 11924.6560793616 -0.298193000670162 5565 4854.3711936961 0.799780978124212 5565 4490.55673222458 1.49764292239592 5565 6526.21086792811
"497" 0 7245 6742.07253333828 0 7245 8715.38931897142 0 7245 26991.3363983933 0.313069936981796 7245 5867.22434806019 1.29796656793417 7245 5444.52201750139 3.09012999195671 7245 12305.8718832906
"498" 0 10026 10241.7952107167 0 10026 16605.7191299074 0 10026 30820.142556842 0.153390596852983 10026 9248.61702652793 1.02209255916353 10026 11632.8977954893 1.65953534456014 10026 15292.1279796273
"499" 0 5171 4183.72165778581 0 5171 7648.89364738748 0 5171 12398.24727043 -0.569669393143798 5171 4677.41101186611 0.564070992853626 5171 6744.6656378511 4.11205013449807 5171 7670.3628506794
"500" 0 8356 9391.76594335866 0 8356 11251.6600060053 0 8356 23736.3616171943 -0.595288976704416 8356 13422.5288000754 0.562487317301577 8356 9323.80646506606 2.72218957625111 8356 9502.28749117116
